198.80	0.0000E00
199.27	0.0000E00
199.74	0.0000E00
200.21	0.0000E00
200.69	0.0000E00
201.16	0.0000E00
201.63	0.0000E00
202.10	0.0000E00
202.58	0.0000E00
203.05	0.0000E00
203.52	0.0000E00
203.99	0.0000E00
204.46	0.0000E00
204.94	0.0000E00
205.41	0.0000E00
205.88	0.0000E00
206.35	0.0000E00
206.82	0.0000E00
207.29	0.0000E00
207.77	0.0000E00
208.24	0.0000E00
208.71	0.0000E00
209.18	0.0000E00
209.65	0.0000E00
210.12	4.4783E00
210.60	4.3152E00
211.07	3.4536E00
211.54	4.0769E00
212.01	6.7018E00
212.48	2.2185E00
212.95	6.2452E00
213.42	2.8787E00
213.90	3.1707E00
214.37	2.6679E00
214.84	4.3056E00
215.31	2.7113E00
215.78	2.9987E00
216.25	4.0837E00
216.72	3.1537E00
217.19	2.5591E00
217.67	2.2046E00
218.14	4.2802E00
218.61	3.1721E00
219.08	3.6932E00
219.55	4.3256E00
220.02	1.8236E00
220.49	2.4634E00
220.96	2.3669E00
221.43	2.5740E00
221.90	2.6346E00
222.37	1.5813E00
222.85	1.7695E00
223.32	2.3161E00
223.79	2.5718E00
224.26	2.0660E00
224.73	2.7315E00
225.20	1.8371E00
225.67	2.1523E00
226.14	2.2567E00
226.61	2.0798E00
227.08	2.4293E00
227.55	1.6708E00
228.02	1.9479E00
228.49	1.7363E00
228.96	1.5259E00
229.43	2.2998E00
229.90	1.4283E00
230.37	1.9458E00
230.84	1.6129E00
231.31	1.4404E00
231.78	2.0406E00
232.26	1.1221E00
232.73	7.8590E-01
233.20	1.1771E00
233.67	1.4853E00
234.14	1.1639E00
234.61	8.6059E-01
235.08	5.7587E-01
235.55	1.0687E00
236.02	1.1437E00
236.49	1.3618E00
236.96	1.3899E00
237.43	1.1261E00
237.90	1.0092E00
238.36	1.2976E00
238.83	1.0022E00
239.30	1.1456E00
239.77	7.8910E-01
240.24	1.1867E00
240.71	1.1313E00
241.18	9.6228E-01
241.65	7.1148E-01
242.12	9.3471E-01
242.59	1.3830E00
243.06	1.0935E00
243.53	1.1500E00
244.00	9.5487E-01
244.47	1.0133E00
244.94	6.0743E-01
245.41	8.1441E-01
245.88	1.3615E00
246.35	1.0293E00
246.82	7.1560E-01
247.29	7.7410E-01
247.75	5.3184E-01
248.22	9.2072E-01
248.69	4.2483E-01
249.16	9.0153E-01
249.63	1.3725E00
250.10	1.2953E00
250.57	9.6760E-01
251.04	1.0146E00
251.51	7.0367E-01
251.98	8.1270E-01
252.45	8.6801E-01
252.91	7.7090E-01
253.38	9.1922E-01
253.85	4.7100E-01
254.32	7.0516E-01
254.79	7.8749E-01
255.26	8.4234E-01
255.73	9.7650E-01
256.20	8.5394E-01
256.66	8.1980E-01
257.13	6.7506E-01
257.60	1.0948E00
258.07	7.5413E-01
258.54	7.5171E-01
259.01	8.0811E-01
259.48	8.0237E-01
259.94	8.2651E-01
260.41	8.2311E-01
260.88	8.4661E-01
261.35	9.4584E-01
261.82	7.8213E-01
262.29	6.1673E-01
262.75	9.9205E-01
263.22	5.3460E-01
263.69	8.5508E-01
264.16	1.0391E00
264.63	8.5206E-01
265.10	9.0127E-01
265.56	8.1789E-01
266.03	8.9465E-01
266.50	9.1789E-01
266.97	1.0204E00
267.44	6.7651E-01
267.90	8.8437E-01
268.37	7.2511E-01
268.84	8.5236E-01
269.31	6.9322E-01
269.77	1.0533E00
270.24	7.9018E-01
270.71	6.8521E-01
271.18	2.5259E-01
271.65	7.5456E-01
272.11	9.4642E-01
272.58	6.7081E-01
273.05	9.3712E-01
273.52	6.3693E-01
273.98	7.5315E-01
274.45	8.2183E-01
274.92	5.0195E-01
275.39	5.6792E-01
275.85	7.2440E-01
276.32	6.2390E-01
276.79	6.1654E-01
277.26	5.4559E-01
277.72	3.5970E-01
278.19	7.5828E-01
278.66	5.3052E-01
279.13	5.9020E-01
279.59	7.3225E-01
280.06	6.0132E-01
280.53	7.0329E-01
280.99	6.5476E-01
281.46	7.7225E-01
281.93	7.0066E-01
282.40	6.0878E-01
282.86	6.2223E-01
283.33	6.1559E-01
283.80	4.9227E-01
284.26	5.4996E-01
284.73	4.4684E-01
285.20	6.3048E-01
285.66	6.0416E-01
286.13	5.6250E-01
286.60	4.0596E-01
287.06	3.6479E-01
287.53	4.8910E-01
288.00	4.1309E-01
288.46	5.9913E-01
288.93	3.4768E-01
289.40	4.6451E-01
289.86	5.1016E-01
290.33	3.8702E-01
290.80	6.2083E-01
291.26	6.9880E-01
291.73	6.4153E-01
292.20	3.4301E-01
292.66	5.1697E-01
293.13	5.7673E-01
293.60	4.5966E-01
294.06	4.2588E-01
294.53	3.5856E-01
294.99	5.2592E-01
295.46	3.6737E-01
295.93	5.7805E-01
296.39	4.6916E-01
296.86	2.8552E-01
297.33	2.5401E-01
297.79	5.0532E-01
298.26	4.5889E-01
298.72	5.5880E-01
299.19	4.8216E-01
299.66	3.1987E-01
300.12	4.6232E-01
300.59	3.0151E-01
301.05	3.7201E-01
301.52	2.4389E-01
301.98	4.9918E-01
302.45	3.7003E-01
302.92	1.5601E-01
303.38	2.1113E-01
303.85	2.0916E-01
304.31	2.6361E-01
304.78	2.3410E-01
305.24	3.0183E-01
305.71	2.5960E-01
306.18	2.7262E-01
306.64	2.9801E-01
307.11	1.7615E-01
307.57	3.2328E-01
308.04	3.2318E-01
308.50	3.7434E-01
308.97	1.5981E-01
309.43	4.5008E-01
309.90	4.2371E-01
310.36	3.6807E-01
310.83	2.8919E-01
311.29	3.8349E-01
311.76	3.1722E-01
312.23	2.1111E-01
312.69	2.6319E-01
313.16	2.2379E-01
313.62	1.4395E-01
314.09	3.9002E-01
314.55	2.5846E-01
315.02	2.3263E-01
315.48	3.0797E-01
315.95	3.1943E-01
316.41	3.1820E-01
316.88	2.2871E-01
317.34	2.6631E-01
317.81	2.7745E-01
318.27	3.1458E-01
318.73	2.5179E-01
319.20	2.8711E-01
319.66	2.3588E-01
320.13	3.0934E-01
320.59	2.8356E-01
321.06	2.0832E-01
321.52	3.0748E-01
321.99	2.8121E-01
322.45	2.2014E-01
322.92	3.9075E-01
323.38	3.0427E-01
323.85	2.4208E-01
324.31	3.2589E-01
324.77	3.3764E-01
325.24	1.9262E-01
325.70	1.9206E-01
326.17	9.6002E-02
326.63	2.0315E-01
327.10	2.8593E-01
327.56	1.7746E-01
328.02	1.4151E-01
328.49	1.4061E-01
328.95	2.8165E-01
329.42	2.9124E-01
329.88	2.3349E-01
330.34	3.0239E-01
330.81	4.8768E-01
331.27	2.1938E-01
331.74	2.8946E-01
332.20	1.6131E-01
332.66	1.7258E-01
333.13	1.8359E-01
333.59	1.2602E-01
334.06	2.2788E-01
334.52	2.6137E-01
334.98	1.9259E-01
335.45	2.2690E-01
335.91	2.8341E-01
336.37	1.6953E-01
336.84	1.9105E-01
337.30	1.4620E-01
337.76	1.1210E-01
338.23	2.0133E-01
338.69	2.6872E-01
339.16	1.7909E-01
339.62	2.0130E-01
340.08	2.5718E-01
340.55	1.1202E-01
341.01	2.2445E-01
341.47	1.6927E-01
341.94	2.0347E-01
342.40	2.1489E-01
342.86	3.0589E-01
343.33	2.0415E-01
343.79	2.2676E-01
344.25	1.5839E-01
344.71	2.5951E-01
345.18	1.5790E-01
345.64	1.9065E-01
346.10	2.2279E-01
346.57	4.4534E-02
347.03	2.4585E-01
347.49	2.0186E-01
347.96	1.9105E-01
348.42	1.7012E-01
348.88	1.4827E-01
349.34	9.0957E-02
349.81	1.2425E-01
350.27	1.9147E-01
350.73	1.7800E-01
351.20	1.8589E-01
351.66	3.3481E-01
352.12	2.1247E-02
352.58	2.8172E-01
353.05	2.3618E-01
353.51	1.5277E-01
353.97	1.3659E-01
354.43	1.8960E-01
354.90	1.7702E-01
355.36	5.9130E-02
355.82	7.2689E-02
356.28	1.2793E-01
356.75	1.2144E-01
357.21	2.1077E-01
357.67	1.5048E-01
358.13	1.5717E-01
358.60	2.0560E-01
359.06	6.6943E-02
359.52	1.6700E-01
359.98	1.7953E-01
360.44	2.2263E-01
360.91	1.4650E-01
361.37	1.9531E-01
361.83	1.3286E-01
362.29	2.4532E-01
362.75	7.7041E-02
363.22	2.0804E-01
363.68	1.3334E-01
364.14	1.2128E-01
364.60	2.0948E-01
365.06	2.6402E-01
365.53	1.1906E-01
365.99	1.7932E-01
366.45	1.2591E-01
366.91	1.9420E-01
367.37	2.1009E-01
367.83	2.1124E-01
368.30	1.1475E-01
368.76	1.1889E-01
369.22	2.6974E-01
369.68	2.0346E-01
370.14	1.2675E-01
370.60	2.1958E-01
371.07	1.2667E-01
371.53	1.9351E-01
371.99	1.6486E-01
372.45	2.0265E-01
372.91	3.1552E-01
373.37	2.2344E-01
373.83	1.8372E-01
374.30	1.7367E-01
374.76	9.7145E-02
375.22	1.3962E-01
375.68	1.8767E-01
376.14	2.1659E-01
376.60	9.5747E-02
377.06	9.2500E-02
377.52	2.4393E-01
377.98	1.5427E-01
378.45	1.5633E-01
378.91	1.8168E-01
379.37	1.2949E-01
379.83	2.1974E-01
380.29	2.2410E-01
380.75	1.5528E-01
381.21	6.4312E-02
381.67	1.9899E-01
382.13	2.0969E-01
382.59	1.0175E-01
383.05	9.2678E-02
383.51	1.0132E-01
383.98	1.7155E-01
384.44	1.7965E-01
384.90	1.7711E-01
385.36	1.5977E-01
385.82	1.3948E-01
386.28	1.7759E-01
386.74	6.1854E-02
387.20	1.2474E-01
387.66	1.7897E-01
388.12	2.0906E-01
388.58	1.4466E-01
389.04	1.5127E-01
389.50	1.8031E-01
389.96	2.0141E-01
390.42	1.2185E-01
390.88	8.9773E-02
391.34	1.2292E-01
391.80	1.5045E-01
392.26	1.3874E-01
392.72	1.6350E-01
393.18	2.1957E-01
393.64	1.7586E-01
394.10	1.8384E-01
394.56	1.7448E-01
395.02	1.1675E-01
395.48	2.4110E-01
395.94	1.2377E-01
396.40	9.7975E-02
396.86	8.1344E-02
397.32	1.2323E-01
397.78	1.6524E-01
398.24	1.1508E-01
398.70	1.3081E-01
399.16	2.1282E-01
399.62	8.1805E-02
400.08	1.7280E-01
400.54	8.8403E-02
401.00	1.5915E-01
401.46	1.2593E-01
401.92	1.1929E-01
402.38	1.5947E-01
402.84	7.1158E-02
403.30	2.0520E-01
403.76	1.8082E-01
404.22	1.3353E-01
404.68	1.7218E-01
405.14	1.5730E-01
405.59	2.3626E-01
406.05	1.8020E-01
406.51	1.2464E-01
406.97	1.8430E-01
407.43	7.6748E-02
407.89	7.6200E-02
408.35	1.1499E-01
408.81	9.8534E-02
409.27	6.8028E-02
409.73	1.0448E-01
410.19	8.2685E-02
410.65	1.3442E-01
411.10	1.4268E-01
411.56	1.1160E-01
412.02	2.0339E-01
412.48	1.7855E-01
412.94	1.8623E-01
413.40	1.5275E-01
413.86	1.2497E-01
414.32	1.5950E-01
414.78	1.1630E-01
415.23	8.6904E-02
415.69	1.4577E-01
416.15	1.4610E-01
416.61	6.5002E-02
417.07	2.1488E-01
417.53	8.5678E-02
417.99	1.4298E-01
418.44	1.8539E-01
418.90	1.3403E-01
419.36	9.8528E-02
419.82	1.7574E-01
420.28	2.0364E-01
420.74	1.4715E-01
421.19	1.8815E-01
421.65	1.1899E-01
422.11	1.4573E-01
422.57	2.4946E-01
423.03	1.7940E-01
423.49	1.5231E-01
423.94	9.6852E-02
424.40	1.4308E-01
424.86	1.3572E-01
425.32	1.0185E-01
425.78	1.5028E-01
426.23	1.3518E-01
426.69	6.7184E-02
427.15	1.1407E-01
427.61	1.0063E-01
428.07	1.7415E-01
428.52	1.7973E-01
428.98	1.9311E-01
429.44	1.5856E-01
429.90	1.1886E-01
430.36	1.5188E-01
430.81	1.5842E-01
431.27	1.7117E-01
431.73	1.5766E-01
432.19	1.7796E-01
432.64	1.1197E-01
433.10	1.5763E-01
433.56	1.6318E-01
434.02	1.2435E-01
434.47	2.0928E-01
434.93	1.9073E-01
435.39	9.1433E-02
435.85	1.0390E-01
436.30	2.1100E-01
436.76	2.0373E-01
437.22	1.9121E-01
437.68	2.1147E-01
438.13	2.4221E-01
438.59	2.5310E-01
439.05	1.4481E-01
439.51	2.3934E-01
439.96	1.8232E-01
440.42	2.3180E-01
440.88	1.8142E-01
441.33	1.8071E-01
441.79	2.6931E-01
442.25	2.5000E-01
442.70	1.8225E-01
443.16	1.6258E-01
443.62	2.8580E-01
444.08	2.2863E-01
444.53	2.3979E-01
444.99	2.6458E-01
445.45	2.9449E-01
445.90	2.4510E-01
446.36	2.7555E-01
446.82	3.1835E-01
447.27	2.8031E-01
447.73	3.4195E-01
448.19	3.6957E-01
448.64	3.0973E-01
449.10	4.1090E-01
449.56	3.9646E-01
450.01	3.6852E-01
450.47	3.9081E-01
450.93	3.8713E-01
451.38	5.1262E-01
451.84	5.1135E-01
452.30	4.6832E-01
452.75	5.4594E-01
453.21	6.1683E-01
453.66	5.9332E-01
454.12	5.1918E-01
454.58	6.6645E-01
455.03	7.8889E-01
455.49	7.4885E-01
455.95	8.4025E-01
456.40	8.2990E-01
456.86	8.5086E-01
457.31	8.5837E-01
457.77	9.3385E-01
458.23	9.6305E-01
458.68	9.7527E-01
459.14	1.0883E00
459.59	1.0987E00
460.05	1.4112E00
460.51	1.3665E00
460.96	1.3723E00
461.42	1.4957E00
461.87	1.3757E00
462.33	1.6654E00
462.78	1.7294E00
463.24	1.8260E00
463.70	1.9008E00
464.15	1.9434E00
464.61	2.0385E00
465.06	2.1488E00
465.52	2.4505E00
465.97	2.4545E00
466.43	2.5280E00
466.88	2.7169E00
467.34	2.9107E00
467.80	3.1656E00
468.25	3.1751E00
468.71	3.3534E00
469.16	3.3917E00
469.62	3.5987E00
470.07	3.9130E00
470.53	4.0479E00
470.98	4.3248E00
471.44	4.7231E00
471.89	4.4082E00
472.35	4.9686E00
472.80	5.1367E00
473.26	5.6677E00
473.71	5.8389E00
474.17	6.0180E00
474.62	6.3089E00
475.08	6.4472E00
475.53	6.8061E00
475.99	6.9865E00
476.44	7.4748E00
476.90	7.8168E00
477.35	8.2148E00
477.81	8.5119E00
478.26	9.1196E00
478.72	9.3754E00
479.17	1.0120E01
479.63	1.0414E01
480.08	1.1044E01
480.54	1.1002E01
480.99	1.1694E01
481.45	1.2090E01
481.90	1.2892E01
482.35	1.3627E01
482.81	1.4387E01
483.26	1.4565E01
483.72	1.5371E01
484.17	1.6222E01
484.63	1.6643E01
485.08	1.7885E01
485.54	1.8136E01
485.99	1.8844E01
486.44	1.9943E01
486.90	2.0603E01
487.35	2.1446E01
487.81	2.2525E01
488.26	2.3362E01
488.71	2.4634E01
489.17	2.5528E01
489.62	2.6255E01
490.08	2.7310E01
490.53	2.8932E01
490.98	2.9937E01
491.44	3.1292E01
491.89	3.2126E01
492.35	3.3499E01
492.80	3.5396E01
493.25	3.6181E01
493.71	3.7917E01
494.16	3.9532E01
494.62	4.1214E01
495.07	4.2798E01
495.52	4.4592E01
495.98	4.6574E01
496.43	4.8547E01
496.88	5.0828E01
497.34	5.2260E01
497.79	5.4360E01
498.24	5.6442E01
498.70	5.8622E01
499.15	6.0442E01
499.61	6.2922E01
500.06	6.5871E01
500.51	6.7783E01
500.97	7.1192E01
501.42	7.3418E01
501.87	7.7549E01
502.33	8.0656E01
502.78	8.3866E01
503.23	8.7284E01
503.68	8.9461E01
504.14	9.3143E01
504.59	9.6836E01
505.04	1.0130E02
505.50	1.0375E02
505.95	1.0715E02
506.40	1.0972E02
506.86	1.1427E02
507.31	1.1826E02
507.76	1.2340E02
508.22	1.2811E02
508.67	1.3208E02
509.12	1.3648E02
509.57	1.4161E02
510.03	1.4615E02
510.48	1.5046E02
510.93	1.5611E02
511.38	1.6212E02
511.84	1.6660E02
512.29	1.7131E02
512.74	1.7556E02
513.20	1.8055E02
513.65	1.8433E02
514.10	1.8998E02
514.55	1.9477E02
515.01	2.0042E02
515.46	2.0514E02
515.91	2.1076E02
516.36	2.1626E02
516.82	2.2183E02
517.27	2.2604E02
517.72	2.3288E02
518.17	2.3700E02
518.62	2.4126E02
519.08	2.4427E02
519.53	2.4849E02
519.98	2.5085E02
520.43	2.5152E02
520.89	2.5396E02
521.34	2.5591E02
521.79	2.5963E02
522.24	2.6271E02
522.69	2.6353E02
523.15	2.6574E02
523.60	2.6976E02
524.05	2.7154E02
524.50	2.7424E02
524.95	2.7438E02
525.40	2.7617E02
525.86	2.7752E02
526.31	2.7762E02
526.76	2.7686E02
527.21	2.7581E02
527.66	2.7477E02
528.12	2.7251E02
528.57	2.6904E02
529.02	2.6603E02
529.47	2.6529E02
529.92	2.6107E02
530.37	2.6022E02
530.82	2.5663E02
531.28	2.5448E02
531.73	2.5110E02
532.18	2.4740E02
532.63	2.4581E02
533.08	2.4265E02
533.53	2.3992E02
533.98	2.3606E02
534.44	2.3320E02
534.89	2.2929E02
535.34	2.2461E02
535.79	2.2242E02
536.24	2.1812E02
536.69	2.1337E02
537.14	2.0735E02
537.59	2.0306E02
538.04	1.9935E02
538.50	1.9547E02
538.95	1.9137E02
539.40	1.8737E02
539.85	1.8550E02
540.30	1.7974E02
540.75	1.7787E02
541.20	1.7519E02
541.65	1.7067E02
542.10	1.6848E02
542.55	1.6450E02
543.00	1.6146E02
543.45	1.5723E02
543.91	1.5350E02
544.36	1.4917E02
544.81	1.4574E02
545.26	1.4226E02
545.71	1.3909E02
546.16	1.3535E02
546.61	1.3342E02
547.06	1.2953E02
547.51	1.2523E02
547.96	1.2265E02
548.41	1.2003E02
548.86	1.1732E02
549.31	1.1460E02
549.76	1.1232E02
550.21	1.0909E02
550.66	1.0631E02
551.11	1.0464E02
551.56	1.0162E02
552.01	9.9347E01
552.46	9.6811E01
552.91	9.4467E01
553.36	9.1193E01
553.81	8.8507E01
554.26	8.6563E01
554.71	8.4262E01
555.16	8.1215E01
555.61	7.9021E01
556.06	7.7280E01
556.51	7.5404E01
556.96	7.2988E01
557.41	7.1237E01
557.86	6.9196E01
558.31	6.7369E01
558.76	6.5996E01
559.21	6.3630E01
559.66	6.2135E01
560.11	6.0507E01
560.56	5.9033E01
561.01	5.7327E01
561.46	5.5874E01
561.91	5.3578E01
562.36	5.2880E01
562.81	5.0641E01
563.26	4.8940E01
563.71	4.7951E01
564.16	4.6011E01
564.61	4.5098E01
565.06	4.3729E01
565.51	4.2499E01
565.95	4.1227E01
566.40	4.0293E01
566.85	3.8697E01
567.30	3.7811E01
567.75	3.6748E01
568.20	3.5527E01
568.65	3.5031E01
569.10	3.3612E01
569.55	3.2895E01
570.00	3.1959E01
570.45	3.1430E01
570.89	2.9976E01
571.34	2.9266E01
571.79	2.8631E01
572.24	2.7806E01
572.69	2.6828E01
573.14	2.6428E01
573.59	2.5346E01
574.04	2.4233E01
574.49	2.3853E01
574.93	2.3113E01
575.38	2.2554E01
575.83	2.1832E01
576.28	2.1317E01
576.73	2.0516E01
577.18	1.9871E01
577.63	1.9665E01
578.07	1.9012E01
578.52	1.8620E01
578.97	1.7802E01
579.42	1.7442E01
579.87	1.7046E01
580.32	1.6428E01
580.77	1.6002E01
581.21	1.5435E01
581.66	1.4753E01
582.11	1.4509E01
582.56	1.4254E01
583.01	1.3631E01
583.46	1.3315E01
583.90	1.3004E01
584.35	1.2354E01
584.80	1.2481E01
585.25	1.1798E01
585.70	1.1614E01
586.14	1.1155E01
586.59	1.0829E01
587.04	1.0920E01
587.49	1.0420E01
587.94	9.9433E00
588.38	9.9061E00
588.83	9.4328E00
589.28	9.2256E00
589.73	8.8922E00
590.18	8.5219E00
590.62	8.5230E00
591.07	8.0842E00
591.52	7.8909E00
591.97	7.6284E00
592.41	7.3693E00
592.86	7.2710E00
593.31	6.9791E00
593.76	6.6331E00
594.20	6.5858E00
594.65	6.5141E00
595.10	6.1979E00
595.55	6.1799E00
595.99	5.9893E00
596.44	5.6957E00
596.89	5.4948E00
597.34	5.4778E00
597.78	5.3278E00
598.23	5.1889E00
598.68	5.1578E00
599.13	4.9113E00
599.57	4.8463E00
600.02	4.5969E00
600.47	4.4163E00
600.91	4.4350E00
601.36	4.0678E00
601.81	4.1718E00
602.26	4.0071E00
602.70	3.8750E00
603.15	3.8952E00
603.60	3.5963E00
604.04	3.5570E00
604.49	3.5339E00
604.94	3.4603E00
605.38	3.2663E00
605.83	3.3116E00
606.28	3.1511E00
606.72	3.1058E00
607.17	3.0656E00
607.62	2.9018E00
608.06	2.8750E00
608.51	2.8010E00
608.96	2.7096E00
609.40	2.7484E00
609.85	2.5532E00
610.30	2.5205E00
610.74	2.4373E00
611.19	2.3154E00
611.64	2.3370E00
612.08	2.2691E00
612.53	2.2101E00
612.98	2.0957E00
613.42	2.0921E00
613.87	1.9889E00
614.31	1.9763E00
614.76	1.8749E00
615.21	1.8205E00
615.65	1.8354E00
616.10	1.8360E00
616.55	1.7531E00
616.99	1.6574E00
617.44	1.5619E00
617.88	1.5786E00
618.33	1.5367E00
618.78	1.4369E00
619.22	1.4786E00
619.67	1.4904E00
620.11	1.4127E00
620.56	1.3959E00
621.01	1.3672E00
621.45	1.3312E00
621.90	1.2735E00
622.34	1.2786E00
622.79	1.2497E00
623.23	1.1908E00
623.68	1.1019E00
624.13	1.0976E00
624.57	1.0573E00
625.02	1.1933E00
625.46	9.9950E-01
625.91	9.8524E-01
626.35	9.4985E-01
626.80	9.5754E-01
627.24	9.2808E-01
627.69	9.9178E-01
628.14	8.4981E-01
628.58	9.2908E-01
629.03	9.5701E-01
629.47	8.7204E-01
629.92	8.7942E-01
630.36	8.2495E-01
630.81	8.6589E-01
631.25	7.1563E-01
631.70	7.5266E-01
632.14	8.1850E-01
632.59	7.0598E-01
633.03	7.0542E-01
633.48	7.6895E-01
633.92	7.2766E-01
634.37	7.0208E-01
634.81	6.1877E-01
635.26	6.1423E-01
635.70	6.0611E-01
636.15	6.5523E-01
636.59	6.3063E-01
637.04	5.8007E-01
637.48	5.4718E-01
637.93	5.5480E-01
638.37	5.8464E-01
638.82	5.5559E-01
639.26	5.4753E-01
639.71	5.1850E-01
640.15	5.5151E-01
640.60	4.7260E-01
641.04	4.5599E-01
641.49	5.0576E-01
641.93	4.5587E-01
642.37	4.3899E-01
642.82	4.5958E-01
643.26	3.8082E-01
643.71	4.2253E-01
644.15	4.0177E-01
644.60	3.8607E-01
645.04	4.5691E-01
645.49	3.8627E-01
645.93	4.0224E-01
646.37	3.8113E-01
646.82	3.9810E-01
647.26	3.3190E-01
647.71	3.7802E-01
648.15	3.6973E-01
648.60	3.9063E-01
649.04	3.8245E-01
649.48	3.4098E-01
649.93	2.9541E-01
650.37	3.2032E-01
650.82	3.6180E-01
651.26	3.3645E-01
651.70	3.6565E-01
652.15	3.2014E-01
652.59	2.1631E-01
653.04	3.0350E-01
653.48	2.9968E-01
653.92	3.6295E-01
654.37	2.8810E-01
654.81	3.4636E-01
655.25	2.4600E-01
655.70	2.7471E-01
656.14	2.4965E-01
656.59	2.6203E-01
657.03	2.4181E-01
657.47	2.3358E-01
657.92	2.9202E-01
658.36	2.3770E-01
658.80	2.4179E-01
659.25	2.4189E-01
659.69	2.3341E-01
660.13	2.3355E-01
660.58	1.9622E-01
661.02	2.5078E-01
661.46	2.4266E-01
661.91	2.6330E-01
662.35	2.1319E-01
662.79	2.4231E-01
663.24	2.1727E-01
663.68	2.5912E-01
664.12	1.8398E-01
664.57	2.0485E-01
665.01	2.0476E-01
665.45	2.0511E-01
665.90	1.5945E-01
666.34	2.1861E-01
666.78	2.5632E-01
667.22	2.2273E-01
667.67	1.8472E-01
668.11	1.8884E-01
668.55	1.9306E-01
669.00	1.4277E-01
669.44	1.8059E-01
669.88	2.1429E-01
670.33	1.8079E-01
670.77	1.8955E-01
671.21	2.3167E-01
671.65	2.1053E-01
672.10	1.3886E-01
672.54	1.7684E-01
672.98	1.6028E-01
673.42	1.6891E-01
673.87	1.3961E-01
674.31	1.7345E-01
674.75	1.4396E-01
675.19	1.6081E-01
675.64	2.2441E-01
676.08	1.9475E-01
676.52	1.7345E-01
676.96	2.1172E-01
677.41	1.4401E-01
677.85	1.8238E-01
678.29	1.9952E-01
678.73	1.5303E-01
679.18	1.1917E-01
679.62	1.5340E-01
680.06	1.7912E-01
680.50	1.6607E-01
680.94	1.1051E-01
681.39	1.2309E-01
681.83	6.3792E-02
682.27	1.0653E-01
682.71	1.2834E-01
683.15	1.5410E-01
683.60	1.2002E-01
684.04	1.1129E-01
684.48	1.5402E-01
684.92	1.4956E-01
685.36	1.6663E-01
685.81	1.3252E-01
686.25	1.4983E-01
686.69	1.1147E-01
687.13	1.2453E-01
687.57	1.3321E-01
688.01	1.4599E-01
688.46	1.1163E-01
688.90	1.1169E-01
689.34	1.2907E-01
689.78	1.1192E-01
690.22	1.4205E-01
690.66	1.8075E-01
691.11	1.0765E-01
691.55	8.1833E-02
691.99	1.2492E-01
692.43	1.4209E-01
692.87	9.4814E-02
693.31	1.7238E-01
693.75	1.1199E-01
694.20	1.0323E-01
694.64	1.2044E-01
695.08	1.5524E-01
695.52	1.1236E-01
695.96	1.5593E-01
696.40	1.0825E-01
696.84	8.6674E-02
697.28	1.0832E-01
697.73	1.5189E-01
698.17	9.9806E-02
698.61	1.4333E-01
699.05	9.9746E-02
699.49	1.2583E-01
699.93	1.3442E-01
700.37	1.1739E-01
700.81	1.3494E-01
701.25	8.7226E-02
701.69	9.1632E-02
702.13	7.4150E-02
702.58	1.1768E-01
703.02	1.3504E-01
703.46	1.0015E-01
703.90	1.1335E-01
704.34	9.5934E-02
704.78	1.1804E-01
705.22	9.6411E-02
705.66	1.4057E-01
706.10	1.3193E-01
706.54	1.3605E-01
706.98	9.6461E-02
707.42	1.2699E-01
707.86	8.7776E-02
708.30	8.7931E-02
708.74	9.2538E-02
709.18	9.2616E-02
709.62	9.7149E-02
710.06	1.0612E-01
710.51	1.2860E-01
710.95	1.2440E-01
711.39	1.1553E-01
711.83	9.7541E-02
712.27	1.1507E-01
712.71	1.1949E-01
713.15	1.2412E-01
713.59	5.7665E-02
714.03	8.4444E-02
714.47	1.7814E-01
714.91	9.8210E-02
715.35	1.1633E-01
715.79	1.0759E-01
716.23	8.5395E-02
716.67	8.9964E-02
717.11	8.9974E-02
717.55	9.4399E-02
717.99	1.1234E-01
718.43	1.6207E-01
718.87	9.4874E-02
719.31	9.5243E-02
719.75	6.8302E-02
720.18	1.4593E-01
720.62	1.1436E-01
721.06	7.7823E-02
721.50	9.1941E-02
721.94	1.2405E-01
722.38	1.1958E-01
722.82	6.4280E-02
723.26	9.1872E-02
723.70	8.7183E-02
724.14	1.1024E-01
724.58	1.4728E-01
725.02	1.4780E-01
725.46	1.0195E-01
725.90	1.3007E-01
726.34	7.9112E-02
726.78	6.9792E-02
727.22	7.4374E-02
727.66	1.1143E-01
728.09	9.7454E-02
728.53	1.1584E-01
728.97	4.1664E-02
729.41	1.1119E-01
729.85	1.1626E-01
730.29	1.4479E-01
730.73	1.2635E-01
731.17	7.5009E-02
731.61	9.3870E-02
732.05	7.5250E-02
732.49	1.0822E-01
732.92	1.1769E-01
733.36	1.3161E-01
733.80	7.9736E-02
734.24	6.5571E-02
734.68	1.4066E-01
735.12	1.2235E-01
735.56	1.6056E-01
736.00	5.6947E-02
736.43	1.4774E-01
736.87	1.0990E-01
737.31	4.3065E-02
737.75	9.0782E-02
738.19	5.2463E-02
738.63	1.8089E-01
739.07	8.5690E-02
739.50	1.0490E-01
739.94	1.0977E-01
740.38	1.6268E-01
740.82	1.1992E-01
741.26	7.7025E-02
741.70	1.3990E-01
742.14	1.6413E-01
742.57	1.1102E-01
743.01	1.1093E-01
743.45	1.3513E-01
743.89	1.2046E-01
744.33	9.6313E-02
744.76	1.6826E-01
745.20	5.2925E-02
745.64	6.2577E-02
746.08	8.2022E-02
746.52	1.3555E-01
746.96	1.3131E-01
747.39	9.7632E-02
747.83	1.4182E-01
748.27	8.8000E-02
748.71	1.5154E-01
749.15	1.2207E-01
749.58	9.2701E-02
750.02	3.4092E-02
750.46	1.5113E-01
750.90	1.1718E-01
751.33	1.0765E-01
751.77	1.7653E-01
752.21	9.3415E-02
752.65	1.6270E-01
753.09	1.1359E-01
753.52	1.0377E-01
753.96	9.8701E-02
754.40	1.0851E-01
754.84	1.1827E-01
755.27	3.4515E-02
755.71	1.4283E-01
756.15	1.1328E-01
756.59	1.1815E-01
757.02	1.0845E-01
757.46	6.4081E-02
757.90	1.1844E-01
758.33	1.3346E-01
758.77	1.8361E-01
759.21	1.5428E-01
759.65	7.9816E-02
760.08	1.1475E-01
760.52	1.4463E-01
760.96	1.5948E-01
761.40	1.4433E-01
761.83	1.4922E-01
762.27	1.3916E-01
762.71	1.7908E-01
763.14	1.0478E-01
763.58	1.7512E-01
764.02	1.2550E-01
764.45	1.1554E-01
764.89	1.5097E-01
765.33	1.6619E-01
765.77	5.5533E-02
766.20	1.7674E-01
766.64	1.3144E-01
767.08	1.4150E-01
767.51	8.5962E-02
767.95	1.5660E-01
768.39	1.6165E-01
768.82	1.1123E-01
769.26	1.4706E-01
769.70	9.6768E-02
770.13	1.9972E-01
770.57	1.0788E-01
771.01	1.1328E-01
771.44	2.0083E-01
771.88	1.7545E-01
772.32	1.2904E-01
772.75	1.6532E-01
773.19	1.6012E-01
773.62	7.7482E-02
774.06	1.4448E-01
774.50	1.3928E-01
774.93	1.3421E-01
775.37	1.1914E-01
775.81	1.2470E-01
776.24	1.5127E-01
776.68	1.0460E-01
777.11	1.6796E-01
777.55	1.0514E-01
777.99	1.1063E-01
778.42	1.6867E-01
778.86	1.2682E-01
779.30	1.5350E-01
779.73	1.5376E-01
780.17	1.8562E-01
780.60	1.5919E-01
781.04	1.7501E-01
781.47	1.0608E-01
781.91	6.8999E-02
782.35	1.7025E-01
782.78	1.2275E-01
783.22	5.8867E-02
783.65	1.5603E-01
784.09	1.6721E-01
784.53	1.5155E-01
784.96	1.6261E-01
785.40	1.3028E-01
785.83	1.1941E-01
786.27	1.4611E-01
786.70	1.4606E-01
787.14	1.7313E-01
787.57	1.4110E-01
788.01	1.1412E-01
788.45	9.8003E-02
788.88	1.3619E-01
789.32	1.3657E-01
789.75	6.5750E-02
790.19	5.5094E-02
790.62	1.0510E-01
791.06	1.1115E-01
791.49	1.1129E-01
791.93	1.2256E-01
792.36	1.1685E-01
792.80	1.4467E-01
793.23	1.1685E-01
793.67	1.1680E-01
794.10	1.3887E-01
794.54	1.7769E-01
794.97	1.2231E-01
795.41	1.1715E-01
795.84	8.9522E-02
796.28	9.5541E-02
796.71	1.8037E-01
797.15	1.6400E-01
797.58	6.2375E-02
798.02	1.1948E-01
798.45	1.6554E-01
798.89	1.3141E-01
799.32	8.0016E-02
799.76	1.1425E-01
800.19	1.3714E-01
800.63	8.5741E-02
801.06	1.7152E-01
801.50	8.5766E-02
801.93	2.1162E-01
802.37	1.5459E-01
802.80	1.4364E-01
803.24	7.4959E-02
803.67	1.7928E-01
804.10	1.5065E-01
804.54	1.1054E-01
804.97	1.2273E-01
805.41	1.5241E-01
805.84	1.2938E-01
806.28	1.4136E-01
806.71	1.9493E-01
807.15	1.2422E-01
807.58	1.0647E-01
808.01	1.5381E-01
808.45	1.7135E-01
808.88	1.3603E-01
809.32	1.2440E-01
809.75	1.3643E-01
810.18	1.3081E-01
810.62	1.1921E-01
811.05	1.0164E-01
811.49	1.1393E-01
811.92	7.2216E-02
812.36	2.1743E-01
812.79	1.9399E-01
813.22	1.4565E-01
813.66	1.0322E-01
814.09	1.6391E-01
814.52	1.1533E-01
814.96	1.2153E-01
815.39	1.0957E-01
815.83	1.8920E-01
816.26	6.1106E-02
816.69	1.2237E-01
817.13	1.9617E-01
817.56	7.3757E-02
817.99	6.1617E-02
818.43	1.4213E-01
818.86	8.0512E-02
819.30	1.5523E-01
819.73	1.4920E-01
820.16	1.3728E-01
820.60	1.5646E-01
821.03	1.7595E-01
821.46	1.6996E-01
821.90	1.7031E-01
822.33	1.4495E-01
822.76	1.8918E-01
823.20	1.8278E-01
823.63	1.5141E-01
824.06	9.4757E-02
824.50	1.3916E-01
824.93	1.4591E-01
825.36	1.4606E-01
825.80	2.0371E-01
826.23	1.2113E-01
826.66	1.6605E-01
827.09	1.2172E-01
827.53	1.6705E-01
827.96	1.1616E-01
828.39	1.3595E-01
828.83	1.6224E-01
829.26	2.0765E-01
829.69	9.0823E-02
830.13	9.0969E-02
830.56	2.2112E-01
830.99	1.1715E-01
831.42	1.2359E-01
831.86	9.1148E-02
832.29	9.1241E-02
832.72	1.7612E-01
833.16	1.3704E-01
833.59	1.1747E-01
834.02	1.3063E-01
834.45	3.2744E-02
834.89	1.7079E-01
835.32	2.0432E-01
835.75	8.5918E-02
836.18	9.9425E-02
836.62	1.7260E-01
837.05	1.9962E-01
837.48	1.7329E-01
837.91	6.6780E-02
838.35	1.2030E-01
838.78	1.3378E-01
839.21	6.0299E-02
839.64	1.4050E-01
840.07	1.3370E-01
840.51	2.6680E-02
840.94	1.2702E-01
841.37	1.2033E-01
841.80	1.0701E-01
842.24	1.2706E-01
842.67	8.7192E-02
843.10	1.3486E-01
843.53	1.0850E-01
843.96	1.5663E-01
844.40	1.5013E-01
844.83	1.2970E-01
845.26	1.2972E-01
845.69	5.4587E-02
846.12	1.0916E-01
846.56	9.5358E-02
846.99	4.7723E-02
847.42	1.1581E-01
847.85	1.2285E-01
848.28	1.5017E-01
848.71	6.8359E-02
849.15	1.0244E-01
849.58	1.1600E-01
850.01	2.0484E-02
850.44	1.3680E-01
850.87	1.4413E-01
851.30	1.4479E-01
851.74	9.0176E-02
852.17	2.0930E-02
852.60	4.8976E-02
853.03	1.1227E-01
853.46	7.0231E-02
853.89	5.6200E-02
854.32	1.0510E-01
854.76	4.1977E-02
855.19	1.3276E-01
855.62	1.0487E-01
856.05	1.1179E-01
856.48	6.2911E-02
856.91	1.1188E-01
857.34	9.0801E-02
857.77	1.3969E-01
858.21	9.7734E-02
858.64	1.3986E-01
859.07	5.6016E-02
859.50	1.2652E-01
859.93	9.1736E-02
860.36	1.0626E-01
860.79	2.1336E-02
861.22	1.2140E-01
861.65	7.8691E-02
862.09	1.2887E-01
862.52	7.1578E-02
862.95	6.4491E-02
863.38	1.0755E-01
863.81	1.1474E-01
864.24	1.4339E-01
864.67	7.1630E-02
865.10	1.3616E-01
865.53	3.5897E-02
865.96	1.2215E-01
866.39	7.9108E-02
866.82	1.2239E-01
867.25	1.5131E-01
867.68	8.6597E-02
868.12	5.7790E-02
868.55	1.0874E-01
868.98	1.3111E-01
869.41	8.7870E-02
869.84	1.3982E-01
870.27	1.1091E-01
870.70	8.9138E-02
871.13	1.1916E-01
871.56	1.4910E-02
871.99	1.4923E-01
872.42	7.4682E-02
872.85	1.6452E-01
873.28	1.1227E-01
873.71	1.2736E-01
874.14	1.1245E-01
874.57	9.0065E-02
875.00	7.5240E-02
875.43	6.7781E-02
875.86	1.4314E-01
876.29	1.6582E-01
876.72	9.8103E-02
877.15	5.2889E-02
877.58	1.9656E-01
878.01	1.0605E-01
878.44	6.0752E-02
878.87	1.2192E-01
879.30	9.9409E-02
879.73	7.6756E-02
880.16	1.4633E-01
880.59	1.2360E-01
881.02	1.9391E-01
881.45	7.7651E-02
881.88	1.0096E-01
882.31	1.3970E-01
882.74	1.1649E-01
883.17	7.7626E-02
883.60	1.3942E-01
884.03	1.2379E-01
884.46	6.9651E-02
884.89	1.2380E-01
885.32	1.6233E-01
885.74	1.4683E-01
886.17	1.3946E-01
886.60	1.3984E-01
887.03	7.7958E-02
887.46	1.4836E-01
887.89	1.2518E-01
888.32	1.3301E-01
888.75	8.5998E-02
889.18	1.7211E-01
889.61	9.4072E-02
890.04	4.7262E-02
890.47	2.2114E-01
890.90	1.1109E-01
891.33	4.7714E-02
891.75	1.4369E-01
892.18	9.5915E-02
892.61	1.3611E-01
893.04	1.3628E-01
893.47	9.6256E-02
893.90	1.0432E-01
894.33	4.0200E-02
894.76	1.2889E-01
895.19	1.4522E-01
895.61	1.2120E-01
896.04	6.4695E-02
896.47	5.6666E-02
896.90	9.7074E-02
897.33	7.2780E-02
897.76	2.4316E-02
898.19	1.6252E-01
898.62	4.0730E-02
899.04	1.3034E-01
899.47	1.4668E-01
899.90	7.3411E-02
900.33	9.8097E-02
900.76	1.8893E-01
901.19	2.2257E-01
901.62	1.9040E-01
902.04	6.6399E-02
902.47	1.5037E-01
902.90	3.3579E-02
903.33	7.5856E-02
903.76	1.0128E-01
904.19	1.1816E-01
904.61	1.7697E-01
905.04	9.2412E-02
905.47	6.7127E-02
905.90	1.0085E-01
906.33	8.4349E-02
906.76	9.3088E-02
907.18	1.5291E-01
907.61	1.0232E-01
908.04	9.4095E-02
908.47	6.8521E-02
908.90	1.3710E-01
909.32	1.8864E-01
909.75	1.4593E-01
910.18	6.0190E-02
910.61	1.2955E-01
911.04	1.8234E-01
911.46	1.3966E-01
911.89	1.1397E-01
912.32	4.3962E-02
912.75	2.6496E-02
913.17	1.4172E-01
913.60	1.4211E-01
914.03	1.5995E-01
914.46	3.5553E-02
914.89	1.2449E-01
915.31	1.8719E-01
915.74	8.0392E-02
916.17	6.2814E-02
916.60	8.0922E-02
917.02	1.2643E-01
917.45	1.3581E-01
917.88	5.4567E-02
918.31	6.3834E-02
918.73	5.4878E-02
919.16	4.5812E-02
919.59	2.7546E-02
920.02	1.6548E-01
920.44	5.5273E-02
920.87	1.4773E-01
921.30	1.3905E-01
921.72	1.0257E-01
922.15	5.6268E-02
922.58	1.6053E-01
923.01	6.6445E-02
923.43	8.5912E-02
923.86	7.6809E-02
924.29	1.7342E-01
924.71	6.7757E-02
925.14	1.9418E-02
925.57	1.9550E-01
925.99	1.6696E-01
926.42	1.5761E-01
926.85	9.8789E-02
927.28	1.5858E-01
927.70	6.9668E-02
928.13	1.0986E-01
928.56	1.8081E-01
928.98	2.0221E-01
929.41	1.9320E-01
929.84	1.4328E-01
930.26	1.6467E-01
930.69	1.8694E-01
931.12	1.1511E-01
931.54	1.3731E-01
931.97	1.5973E-01
932.40	4.2957E-02
932.82	1.6264E-01
933.25	1.8606E-01
933.68	1.4392E-01
934.10	1.9056E-01
934.53	1.5906E-01
934.96	1.1522E-01
935.38	7.0105E-02
935.81	2.7218E-01
936.23	9.5959E-02
936.66	3.6473E-02
937.09	1.8552E-01
937.51	8.7788E-02
937.94	2.5462E-02
938.37	2.0660E-01
938.79	9.1936E-02
939.22	1.4664E-01
939.64	2.7108E-01
940.07	1.6499E-01
940.50	9.7482E-02
940.92	1.5441E-01
941.35	1.2703E-01
941.77	2.5596E-01
942.20	2.0026E-01
942.63	2.1582E-01
943.05	1.7334E-01
943.48	1.0154E-01
943.90	2.0385E-01
944.33	2.3300E-01
944.76	2.6165E-01
945.18	2.6134E-01
945.61	2.3219E-01
946.03	3.1902E-01
946.46	1.3055E-01
946.88	1.1596E-01
947.31	1.7396E-01
947.74	1.1571E-01
948.16	1.1539E-01
948.59	3.1598E-01
949.01	2.4270E-01
949.44	1.8470E-01
949.86	8.4844E-02
950.29	1.5465E-01
950.71	2.0942E-01
951.14	2.7688E-01
951.57	4.1260E-02
951.99	1.0956E-01
952.42	2.1855E-01
952.84	4.0907E-02
953.27	1.2246E-01
953.69	0.0000E00
954.12	1.3587E-01
954.54	5.4278E-02
954.97	2.4418E-01
955.39	1.8949E-01
955.82	1.0792E-01
956.24	1.2106E-01
956.67	2.4159E-01
957.09	2.4198E-01
957.52	2.4155E-01
957.94	1.8783E-01
958.37	1.7361E-01
958.79	1.8687E-01
959.22	9.3352E-02
959.64	4.0023E-01
960.07	5.3420E-02
960.49	2.4087E-01
960.92	0.0000E00
961.34	5.3764E-02
961.77	2.1501E-01
962.19	2.1578E-01
962.62	1.8932E-01
963.04	1.3591E-01
963.47	2.4535E-01
963.89	6.8345E-02
964.31	2.8717E-01
964.74	1.6394E-01
965.16	9.5738E-02
965.59	1.6452E-01
966.01	1.7842E-01
966.44	1.5046E-01
966.86	6.8280E-02
967.29	1.6376E-01
967.71	3.0072E-01
968.14	1.5032E-01
968.56	4.3833E-01
968.98	1.0997E-01
969.41	6.8980E-02
969.83	1.6624E-01
970.26	1.9463E-01
970.68	1.6748E-01
971.10	2.2392E-01
971.53	2.5318E-01
971.95	4.2489E-02
972.38	1.9969E-01
972.80	1.7186E-01
973.23	2.0135E-01
973.65	1.8796E-01
974.07	1.4544E-02
974.50	1.7496E-01
974.92	4.3807E-02
975.35	1.4632E-01
975.77	4.4033E-02
976.19	2.0595E-01
976.62	2.0662E-01
977.04	5.9348E-02
977.46	2.8415E-01
977.89	1.6556E-01
978.31	1.3628E-01
978.74	1.5226E-02
979.16	1.5346E-01
979.58	1.8524E-01
980.01	1.0879E-01
980.43	1.2493E-01
980.85	2.1986E-01
981.28	9.4661E-02
981.70	1.2680E-01
982.12	0.0000E00
982.55	1.2810E-01
982.97	1.1268E-01
983.40	1.7835E-01
983.82	1.3038E-01
984.24	1.4716E-01
984.67	3.1153E-01
985.09	8.2096E-02
985.51	1.8106E-01
985.94	1.8171E-01
986.36	8.3039E-02
986.78	2.0073E-01
987.20	1.6830E-01
987.63	5.0784E-02
988.05	3.2350E-01
988.47	1.3686E-01
988.90	-1.2042E-01
989.32	1.0384E-01
989.74	1.7413E-01
990.17	1.9247E-01
990.59	1.5808E-01
991.01	8.8062E-02
991.44	3.5277E-01
991.86	1.7639E-01
992.28	1.4129E-01
992.70	2.2970E-01
993.13	3.0128E-01
993.55	7.1096E-02
993.97	8.9111E-02
994.40	2.6808E-01
994.82	1.4329E-01
995.24	1.9751E-01
995.66	3.5881E-02
996.09	-3.5896E-02
996.51	1.7938E-01
996.93	3.0576E-01
997.35	1.6176E-01
997.78	1.9820E-01
998.20	2.5182E-01
998.62	1.6196E-01
999.04	3.6013E-01
999.47	7.2160E-02
999.89	1.9913E-01
1000.31	1.8147E-01
1000.73	1.0932E-01
1001.16	2.5606E-01
1001.58	1.8385E-01
1002.00	3.6973E-01
1002.42	2.9743E-01
1002.85	2.6178E-01
1003.27	1.8822E-02
1003.69	1.3291E-01
1004.11	2.2972E-01
1004.53	3.8521E-01
1004.96	2.9033E-01
1005.38	2.1342E-01
1005.80	9.7516E-02
1006.22	2.1538E-01
1006.64	2.9567E-01
1007.07	2.7728E-01
1007.49	1.7929E-01
1007.91	1.4024E-01
1008.33	2.4164E-01
1008.75	2.0246E-02
1009.18	-2.0361E-02
1009.60	3.4879E-01
1010.02	1.8572E-01
1010.44	2.4903E-01
1010.86	2.9178E-01
1011.28	2.9324E-01
1011.71	2.3143E-01
1012.13	2.1144E-01
1012.55	4.8951E-01
1012.97	2.9934E-01
1013.39	3.6508E-01
1013.81	1.0787E-01
1014.24	3.4677E-01
1014.66	3.2580E-01
1015.08	3.2621E-01
1015.50	4.5948E-01
1015.92	0.0000E00
1016.34	2.4584E-01
1016.76	2.0292E-01
1017.19	2.9590E-01
1017.61	2.5263E-01
1018.03	3.9466E-01
1018.45	1.4060E-01
1018.87	2.6032E-01
1019.29	2.8649E-01
1019.71	3.1277E-01
1020.13	2.4218E-01
1020.56	1.2198E-01
1020.98	7.3963E-02
1021.40	-9.9667E-02
1021.82	3.0088E-01
1022.24	1.5107E-01
1022.66	5.0520E-01
1023.08	2.5441E-02
1023.50	2.8262E-01
1023.92	7.7623E-02
1024.34	3.1300E-01
1024.77	1.3127E-01
1025.19	4.7740E-01
1025.61	5.3359E-02
1026.03	3.2232E-01
1026.45	1.8919E-01
1026.87	3.2682E-01
1027.29	2.7404E-01
1027.71	8.2730E-02
1028.13	4.1514E-01
1028.55	4.7404E-01
1028.97	3.9227E-01
1029.39	2.2721E-01
1029.81	2.5749E-01
1030.24	4.0547E-01
1030.66	2.3295E-01
1031.08	2.3496E-01
1031.50	6.8121E-01
1031.92	1.7961E-01
1032.34	-6.0559E-02
1032.76	6.1072E-02
1033.18	7.0957E-01
1033.60	1.8731E-01
1034.02	3.1693E-01
1034.44	5.4457E-01
1034.86	3.2355E-01
1035.28	2.2895E-01
1035.70	5.2868E-01
1036.12	0.0000E00
1036.54	3.3696E-01
1036.96	2.7303E-01
1037.38	4.8195E-01
1037.80	3.8173E-01
1038.22	1.4000E-01
1038.64	5.3019E-01
1039.06	-2.1411E-01
1039.48	4.6755E-01
1039.90	5.4449E-01
1040.32	3.6570E-01
1040.74	4.4297E-01
1041.16	7.4266E-02
1041.58	6.7481E-01
1042.00	4.5273E-01
1042.42	4.5713E-01
1042.84	6.1458E-01
1043.26	1.9414E-01
1043.68	3.5283E-01
1044.10	1.1870E-01
1044.52	5.5995E-01
1044.94	5.6605E-01
1045.36	6.5405E-01
1045.78	7.8334E-01
1046.20	3.7580E-01
1046.62	3.3876E-01
1047.04	4.7220E-01
1047.46	2.6042E-01
1047.88	5.7252E-01
1048.29	5.3558E-01
1048.71	3.1728E-01
1049.13	6.4219E-01
1049.55	5.1356E-01
1049.97	6.6158E-01
1050.39	6.2163E-01
1050.81	6.2868E-01
1051.23	6.8640E-01
1051.65	3.4723E-01
1052.07	9.5092E-01
1052.49	3.5374E-01
1052.91	3.0571E-01
1053.33	2.0628E-01
1053.75	4.6898E-01
1054.16	5.8043E-01
1054.58	0.0000E00
1055.00	9.1330E-01
1055.42	6.5185E-01
1055.84	1.6486E00
1056.26	5.5629E-02
1056.68	-3.9329E-01
1057.10	3.4108E-01
1057.52	4.0174E-01
1057.94	4.0602E-01
1058.35	5.8564E-01
1058.77	7.1196E-01
1059.19	4.2112E-01
1059.61	3.6621E-01
1060.03	9.9176E-01
1060.45	6.9143E-01
1060.87	1.0245E00
1061.28	-2.6085E-01
1061.70	1.4599E00
1062.12	6.7504E-02
1062.54	1.3714E00
1062.96	1.2574E00
1063.38	7.7917E-01
1063.80	7.9042E-01
1064.21	2.1763E-01
1064.63	5.1487E-01
1065.05	2.2359E-01
1065.47	6.8247E-01
1065.89	9.9815E-01
1066.31	7.7494E-01
1066.73	1.0188E00
1067.14	2.3693E00
1067.56	9.6026E-01
1067.98	4.0547E-01
1068.40	1.4849E00
1068.82	4.1647E-01
1069.23	4.1903E-01
1069.65	8.4401E-01
1070.07	7.7238E-01
1070.49	4.3478E-01
1070.91	0.0000E00
1071.32	1.0707E00
1071.74	6.3522E-01
1072.16	1.4689E00
1072.58	9.3110E-01
1073.00	1.8839E-01
1073.41	1.7206E00
1073.83	2.0395E00
1074.25	8.8922E-01
1074.67	1.6058E00
1075.09	7.1418E-01
1075.50	9.3081E-01
1075.92	1.1524E00
1076.34	1.9012E00
1076.76	4.2681E-01
1077.17	2.1595E-01
1077.59	1.3179E00
1078.01	1.1183E00
1078.43	7.9290E-01
1078.85	1.6032E00
1079.26	1.1522E00
1079.68	1.7454E00
1080.10	1.0588E00
1080.52	1.4282E00
1080.93	4.8366E-01
1081.35	7.3330E-01
1081.77	8.6883E-01
1082.18	3.7548E-01
1082.60	1.9020E00
1083.02	2.5728E00
1083.44	5.2426E-01
1083.85	2.9355E00
1084.27	4.0700E-01
1084.69	1.9406E00
1085.11	-2.8327E-01
1085.52	2.5992E00
1085.94	8.7419E-01
1086.36	2.3522E00
1086.77	2.3723E00
1087.19	2.2584E00
1087.61	1.8387E00
1088.03	1.5604E00
1088.44	1.2781E00
1088.86	9.8137E-01
1089.28	4.1807E00
1089.69	2.7032E00
1090.11	1.8787E00
1090.53	1.0418E00
1090.94	1.2417E00
1091.36	1.8073E00
1091.78	7.3704E-01
1092.19	-5.6705E-01
1092.61	3.8661E00
1093.03	1.7757E00
1093.44	2.2158E00
1093.86	2.6934E00
1094.28	1.7065E00
1094.69	1.9660E00
1095.11	4.0196E00
1095.53	1.1382E00
1095.94	1.8749E00
1096.36	4.8077E-01
1096.78	3.2297E00
1097.19	2.2829E00
1097.61	4.4364E00
1098.03	2.1446E00
1098.44	2.4325E00
1098.86	1.6479E00
1099.28	2.7865E00
1099.69	8.6680E-01
1100.11	0.0000E00
1100.52	0.0000E00
1100.94	0.0000E00
1101.36	0.0000E00
1101.77	0.0000E00
1102.19	0.0000E00
1102.61	0.0000E00
1103.02	0.0000E00
1103.44	-0.0000E00
1103.85	0.0000E00
1104.27	0.0000E00
1104.69	0.0000E00
1105.10	0.0000E00
1105.52	0.0000E00
1105.93	0.0000E00
1106.35	0.0000E00
1106.76	0.0000E00
1107.18	0.0000E00
1107.60	0.0000E00
1108.01	0.0000E00
1108.43	0.0000E00
1108.84	0.0000E00
1109.26	0.0000E00
1109.68	0.0000E00
1110.09	-0.0000E00
1110.51	0.0000E00
1110.92	0.0000E00
1111.34	0.0000E00
1111.75	0.0000E00
1112.17	-0.0000E00
1112.58	0.0000E00
1113.00	0.0000E00
1113.42	0.0000E00
1113.83	-0.0000E00
1114.25	0.0000E00
1114.66	0.0000E00
