198.80	0.0000E00
199.27	0.0000E00
199.74	0.0000E00
200.21	0.0000E00
200.69	0.0000E00
201.16	0.0000E00
201.63	0.0000E00
202.10	0.0000E00
202.58	0.0000E00
203.05	0.0000E00
203.52	0.0000E00
203.99	0.0000E00
204.46	-0.0000E00
204.94	-0.0000E00
205.41	-0.0000E00
205.88	-0.0000E00
206.35	-0.0000E00
206.82	-0.0000E00
207.29	0.0000E00
207.77	0.0000E00
208.24	-0.0000E00
208.71	0.0000E00
209.18	-0.0000E00
209.65	-0.0000E00
210.12	-2.3133E-02
210.60	-9.5528E-03
211.07	4.1868E-03
211.54	2.1590E-02
212.01	2.0805E-02
212.48	2.0791E-02
212.95	9.2169E-03
213.42	5.4624E-03
213.90	-3.0709E-03
214.37	-9.2811E-03
214.84	-8.5647E-03
215.31	-1.1871E-02
215.78	-1.8614E-02
216.25	-1.8332E-02
216.72	-1.2249E-02
217.19	-2.2897E-02
217.67	-2.5100E-02
218.14	-2.5494E-02
218.61	-1.2038E-02
219.08	-1.1010E-02
219.55	-1.1278E-02
220.02	-6.4178E-03
220.49	2.1208E-03
220.96	-5.3369E-03
221.43	-7.6928E-03
221.90	-3.7957E-03
222.37	-6.3730E-03
222.85	-5.3100E-03
223.32	1.7091E-03
223.79	9.4890E-03
224.26	6.3388E-03
224.73	1.0001E-02
225.20	9.0374E-04
225.67	-2.4545E-03
226.14	-8.8816E-03
226.61	-6.7396E-03
227.08	-4.9298E-03
227.55	2.4659E-03
228.02	-4.1925E-03
228.49	-1.3978E-03
228.96	-5.6300E-03
229.43	-6.4052E-03
229.90	-1.0276E-02
230.37	-6.1023E-03
230.84	-8.7279E-03
231.31	-2.9472E-03
231.78	-3.2939E-04
232.26	1.8860E-03
232.73	1.7398E-03
233.20	5.2115E-03
233.67	4.3421E-03
234.14	1.6769E-03
234.61	-1.4289E-03
235.08	-5.7947E-04
235.55	-9.0129E-04
236.02	8.0726E-04
236.49	3.8401E-03
236.96	5.4818E-03
237.43	4.5010E-03
237.90	2.9789E-03
238.36	1.3868E-03
238.83	-1.2862E-03
239.30	-1.0958E-03
239.77	-2.9728E-03
240.24	-2.0835E-03
240.71	-1.6994E-03
241.18	-9.4679E-04
241.65	-1.1959E-03
242.12	1.1208E-03
242.59	-1.1056E-03
243.06	-3.0606E-03
243.53	-2.9839E-03
244.00	-3.6857E-03
244.47	-3.7387E-03
244.94	-1.4238E-03
245.41	-1.8552E-03
245.88	-3.0914E-04
246.35	2.1773E-03
246.82	2.2631E-03
247.29	1.3908E-03
247.75	3.9246E-03
248.22	5.8236E-04
248.69	-2.5562E-03
249.16	-2.6373E-03
249.63	-1.4132E-03
250.10	-2.7510E-03
250.57	-2.2111E-03
251.04	-7.7142E-04
251.51	-8.8047E-04
251.98	-1.8658E-03
252.45	-3.3131E-04
252.91	-1.5753E-03
253.38	-9.8465E-04
253.85	-1.0861E-03
254.32	-1.2575E-03
254.79	-1.9801E-03
255.26	1.9076E-03
255.73	1.0385E-03
256.20	5.4612E-04
256.66	1.6688E-03
257.13	1.9718E-03
257.60	9.5286E-04
258.07	1.0305E-04
258.54	7.1906E-04
259.01	1.9535E-03
259.48	8.3709E-04
259.94	1.0165E-03
260.41	3.1989E-03
260.88	4.1716E-03
261.35	3.0311E-03
261.82	4.3585E-03
262.29	2.4338E-03
262.75	5.1442E-04
263.22	-1.4596E-03
263.69	-2.3662E-03
264.16	-3.0866E-03
264.63	-2.8687E-03
265.10	-1.6235E-03
265.56	-9.7346E-05
266.03	1.2621E-03
266.50	3.8705E-04
266.97	2.0658E-03
267.44	2.6689E-03
267.90	1.7659E-03
268.37	2.9812E-03
268.84	4.7840E-03
269.31	2.5577E-03
269.77	2.3128E-03
270.24	3.4421E-03
270.71	2.8278E-03
271.18	3.4855E-03
271.65	5.3825E-03
272.11	5.4585E-03
272.58	3.7400E-03
273.05	3.0755E-03
273.52	1.4281E-03
273.98	1.0936E-03
274.45	0.0000E00
274.92	8.6427E-04
275.39	1.0652E-03
275.85	2.3969E-03
276.32	1.9439E-03
276.79	1.6850E-03
277.26	9.5618E-04
277.72	9.4559E-04
278.19	6.5830E-05
278.66	2.2347E-03
279.13	3.4842E-03
279.59	3.7824E-03
280.06	2.7099E-03
280.53	3.0352E-03
280.99	1.2313E-03
281.46	1.4632E-03
281.93	8.2117E-04
282.40	-1.7969E-04
282.86	-7.2576E-04
283.33	1.1283E-03
283.80	3.3419E-04
284.26	1.5653E-03
284.73	2.3368E-03
285.20	1.8469E-03
285.66	9.1952E-04
286.13	2.2138E-04
286.60	-8.7148E-04
287.06	-4.7108E-04
287.53	-9.8918E-04
288.00	-2.3459E-03
288.46	-1.8205E-03
288.93	-7.4402E-04
289.40	-7.7441E-04
289.86	-1.1294E-04
290.33	4.3459E-04
290.80	9.1625E-04
291.26	3.4377E-04
291.73	-1.2138E-05
292.20	2.8927E-04
292.66	3.3380E-04
293.13	9.2209E-04
293.60	1.9650E-03
294.06	2.4094E-03
294.53	2.4849E-03
294.99	2.0432E-03
295.46	8.5847E-04
295.93	-1.7960E-04
296.39	-6.5891E-04
296.86	-3.1049E-04
297.33	4.3001E-04
297.79	7.8964E-04
298.26	8.9572E-04
298.72	1.4541E-03
299.19	8.1941E-04
299.66	8.1542E-04
300.12	1.0235E-03
300.59	9.2177E-04
301.05	1.3092E-03
301.52	1.1963E-03
301.98	9.6826E-04
302.45	7.4565E-04
302.92	8.2679E-04
303.38	4.1546E-04
303.85	8.3347E-04
304.31	6.3477E-04
304.78	6.4019E-04
305.24	1.0124E-05
305.71	2.4197E-04
306.18	-1.7100E-04
306.64	-5.9976E-05
307.11	-2.1998E-04
307.57	6.8585E-04
308.04	-8.2475E-04
308.50	-8.8791E-05
308.97	-3.5379E-04
309.43	-4.4935E-04
309.90	-6.0579E-04
310.36	9.7004E-05
310.83	-1.2804E-03
311.29	-7.7089E-04
311.76	-5.5595E-04
312.23	-1.5286E-03
312.69	-1.5343E-03
313.16	-4.9543E-04
313.62	-7.6288E-04
314.09	-1.4870E-03
314.55	-6.5799E-04
315.02	-8.1062E-04
315.48	-1.2215E-03
315.95	-3.5829E-04
316.41	3.5691E-04
316.88	3.6567E-04
317.34	6.9249E-04
317.81	8.0034E-04
318.27	2.8785E-04
318.73	-1.7651E-04
319.20	-7.5534E-04
319.66	-5.3134E-04
320.13	-2.7393E-05
320.59	-1.2737E-04
321.06	-5.1543E-04
321.52	1.6336E-04
321.99	-1.2309E-16
322.45	2.7074E-05
322.92	-4.1449E-04
323.38	7.1850E-04
323.85	6.5202E-04
324.31	9.4410E-04
324.77	6.8517E-04
325.24	1.3237E-03
325.70	5.4034E-04
326.17	2.3024E-04
326.63	-7.7599E-04
327.10	-7.4726E-04
327.56	-7.4206E-04
328.02	2.6107E-05
328.49	9.5977E-04
328.95	1.6974E-03
329.42	1.8052E-03
329.88	8.7010E-04
330.34	9.3547E-04
330.81	2.5705E-05
331.27	-2.7265E-04
331.74	-4.5282E-04
332.20	8.5024E-05
332.66	1.1886E-04
333.13	3.0483E-04
333.59	2.4516E-04
334.06	-1.0089E-04
334.52	-4.6122E-04
334.98	-4.5980E-04
335.45	-2.3441E-04
335.91	-1.7567E-04
336.37	-7.5062E-05
336.84	5.6567E-17
337.30	-5.8091E-04
337.76	-8.4377E-04
338.23	-9.7396E-04
338.69	-1.7682E-03
339.16	-1.4785E-03
339.62	-1.4855E-03
340.08	-1.7493E-03
340.55	-1.4714E-03
341.01	8.2815E-05
341.47	1.4156E-04
341.94	7.6741E-04
342.40	1.9195E-03
342.86	2.6335E-03
343.33	2.2346E-03
343.79	1.7235E-03
344.25	1.4192E-03
344.71	8.1594E-04
345.18	3.1625E-04
345.64	3.8896E-04
346.10	7.0692E-04
346.57	3.1220E-04
347.03	2.8037E-04
347.49	-2.3171E-04
347.96	-8.2930E-05
348.42	-4.6029E-04
348.88	2.7775E-04
349.34	5.8729E-05
349.81	1.0085E-03
350.27	2.9089E-04
350.73	8.2093E-06
351.20	-3.8732E-04
351.66	-1.1955E-04
352.12	-3.1358E-04
352.58	-7.0065E-04
353.05	2.8037E-04
353.51	-5.1104E-04
353.97	-2.7357E-04
354.43	-7.4620E-04
354.90	-4.4786E-04
355.36	-1.1968E-03
355.82	-1.2136E-03
356.28	-1.6184E-03
356.75	-8.8973E-04
357.21	-8.6477E-04
357.67	-4.7030E-04
358.13	-7.3680E-04
358.60	-1.4305E-03
359.06	-1.7078E-03
359.52	-1.3845E-03
359.98	-2.2153E-03
360.44	-1.8785E-03
360.91	-1.6216E-03
361.37	-1.7223E-03
361.83	-2.0514E-03
362.29	-9.3533E-04
362.75	-5.4008E-04
363.22	-2.5121E-04
363.68	-6.4660E-04
364.14	-2.2375E-05
364.60	1.9323E-04
365.06	7.7931E-04
365.53	8.1269E-04
365.99	1.4068E-03
366.45	1.1578E-03
366.91	9.3146E-04
367.37	7.3639E-04
367.83	1.2099E-03
368.30	8.5447E-04
368.76	1.2648E-03
369.22	9.0679E-04
369.68	1.1192E-03
370.14	7.8835E-04
370.60	7.3591E-04
371.07	-5.3415E-05
371.53	8.1596E-05
371.99	-2.2303E-04
372.45	-3.2045E-04
372.91	-4.9389E-05
373.37	6.1830E-05
373.83	-4.3524E-04
374.30	-4.8415E-04
374.76	-5.5198E-04
375.22	-2.4726E-04
375.68	-2.7698E-04
376.14	-1.8763E-04
376.60	-1.1022E-03
377.06	-9.0101E-04
377.52	-1.2323E-03
377.98	-9.9780E-04
378.45	-1.0789E-03
378.91	-4.1560E-04
379.37	-6.5520E-04
379.83	6.7562E-06
380.29	2.7562E-05
380.75	8.0884E-05
381.21	3.1187E-04
381.67	6.5410E-04
382.13	2.8256E-04
382.59	-3.6860E-04
383.05	2.8724E-04
383.51	-1.2915E-04
383.98	-3.3313E-04
384.44	-4.0434E-04
384.90	-2.1564E-04
385.36	-5.9604E-04
385.82	-8.5558E-04
386.28	-6.2248E-04
386.74	-9.3896E-04
387.20	-3.9450E-05
387.66	1.7829E-04
388.12	9.8599E-04
388.58	9.2067E-04
389.04	1.2542E-03
389.50	7.4765E-04
389.96	7.4315E-04
390.42	5.2025E-04
390.88	6.1609E-04
391.34	-9.0704E-05
391.80	-5.9430E-04
392.26	-3.1994E-04
392.72	-1.2065E-04
393.18	-7.7275E-04
393.64	-3.1517E-04
394.10	1.6033E-04
394.56	-6.1312E-06
395.02	-2.2153E-04
395.48	2.3926E-04
395.94	4.9321E-04
396.40	2.1087E-04
396.86	6.6028E-05
397.32	1.7580E-04
397.78	4.2068E-04
398.24	1.2131E-05
398.70	7.4809E-04
399.16	8.7582E-04
399.62	9.8397E-04
400.08	6.4363E-04
400.54	7.4131E-04
401.00	6.9879E-04
401.46	7.2599E-04
401.92	6.7487E-04
402.38	7.8842E-04
402.84	7.5847E-04
403.30	2.3295E-04
403.76	-1.0443E-04
404.22	-8.6943E-05
404.68	1.3283E-04
405.14	2.3214E-05
405.59	-1.4529E-04
406.05	-2.6595E-04
406.51	-2.1269E-04
406.97	-2.2666E-05
407.43	2.8884E-04
407.89	1.1808E-04
408.35	6.7881E-04
408.81	6.7677E-04
409.27	3.2351E-04
409.73	4.7913E-04
410.19	8.5976E-04
410.65	8.7619E-04
411.10	8.9772E-04
411.56	1.7568E-04
412.02	2.5014E-04
412.48	6.5877E-05
412.94	-4.6723E-04
413.40	-3.6499E-04
413.86	-3.7973E-05
414.32	-3.4239E-04
414.78	2.6818E-05
415.23	1.8704E-04
415.69	-7.5295E-05
416.15	4.6899E-04
416.61	8.2077E-04
417.07	8.1926E-04
417.53	8.5879E-04
417.99	1.0076E-03
418.44	4.7880E-04
418.90	2.3424E-04
419.36	9.3479E-05
419.82	2.4380E-04
420.28	1.1918E-04
420.74	4.4468E-04
421.19	3.9595E-04
421.65	7.7475E-04
422.11	4.7624E-04
422.57	2.5567E-04
423.03	5.6009E-04
423.49	2.0946E-04
423.94	-1.8378E-04
424.40	-8.5469E-05
424.86	5.5085E-04
425.32	3.4072E-04
425.78	3.1757E-04
426.23	1.9452E-04
426.69	-2.4788E-05
427.15	-8.1204E-04
427.61	-9.2575E-04
428.07	-5.7828E-04
428.52	-4.6666E-04
428.98	-9.3363E-05
429.44	-9.7503E-06
429.90	2.6312E-04
430.36	5.3602E-05
430.81	4.1402E-04
431.27	1.7490E-04
431.73	3.9264E-04
432.19	-8.7549E-05
432.64	-1.5067E-04
433.10	-1.7448E-04
433.56	2.8899E-05
434.02	-1.1108E-04
434.47	4.7295E-04
434.93	8.7358E-04
435.39	7.3254E-04
435.85	3.5459E-04
436.30	6.2279E-04
436.76	6.4094E-17
437.22	-5.4088E-04
437.68	-7.5186E-04
438.13	-1.8814E-04
438.59	-1.7743E-04
439.05	1.3009E-04
439.51	5.7167E-04
439.96	7.1909E-04
440.42	5.8713E-04
440.88	3.0006E-04
441.33	6.4375E-05
441.79	-2.9116E-04
442.25	-5.1654E-04
442.70	-4.0809E-04
443.16	-2.3071E-05
443.62	4.3097E-04
444.08	5.7453E-04
444.53	8.8472E-04
444.99	6.5836E-04
445.45	4.3009E-04
445.90	1.3565E-04
446.36	3.2985E-04
446.82	2.2588E-04
447.27	3.4175E-04
447.73	3.2442E-04
448.19	1.8777E-04
448.64	4.4815E-06
449.10	-1.6944E-04
449.56	-1.6203E-04
450.01	-6.6870E-05
450.47	3.5938E-04
450.93	7.2077E-04
451.38	8.0053E-04
451.84	1.3075E-03
452.30	1.7761E-03
452.75	1.5151E-03
453.21	1.5012E-03
453.66	1.8257E-03
454.12	1.5629E-03
454.58	1.4971E-03
455.03	2.2764E-03
455.49	2.2713E-03
455.95	2.3891E-03
456.40	2.5272E-03
456.86	2.4126E-03
457.31	2.0683E-03
457.77	2.5411E-03
458.23	2.8555E-03
458.68	2.6731E-03
459.14	2.9346E-03
459.59	2.9443E-03
460.05	3.1625E-03
460.51	2.9482E-03
460.96	3.2506E-03
461.42	3.3281E-03
461.87	3.7675E-03
462.33	3.9888E-03
462.78	4.4749E-03
463.24	4.7434E-03
463.70	5.3185E-03
464.15	5.6610E-03
464.61	5.7739E-03
465.06	6.1118E-03
465.52	6.4503E-03
465.97	6.5097E-03
466.43	6.8235E-03
466.88	6.9139E-03
467.34	7.3836E-03
467.80	8.1039E-03
468.25	8.6737E-03
468.71	9.0886E-03
469.16	9.3033E-03
469.62	9.8741E-03
470.07	1.0278E-02
470.53	1.0929E-02
470.98	1.1993E-02
471.44	1.2964E-02
471.89	1.3272E-02
472.35	1.3736E-02
472.80	1.4335E-02
473.26	1.4851E-02
473.71	1.5771E-02
474.17	1.6872E-02
474.62	1.7714E-02
475.08	1.8924E-02
475.53	2.0179E-02
475.99	2.1507E-02
476.44	2.2638E-02
476.90	2.4159E-02
477.35	2.5592E-02
477.81	2.6590E-02
478.26	2.8014E-02
478.72	2.9927E-02
479.17	3.1487E-02
479.63	3.2947E-02
480.08	3.5152E-02
480.54	3.7166E-02
480.99	3.8666E-02
481.45	4.0850E-02
481.90	4.3248E-02
482.35	4.4765E-02
482.81	4.7004E-02
483.26	4.9783E-02
483.72	5.2178E-02
484.17	5.4657E-02
484.63	5.7573E-02
485.08	6.0180E-02
485.54	6.3199E-02
485.99	6.6755E-02
486.44	6.9174E-02
486.90	7.2733E-02
487.35	7.6321E-02
487.81	8.0150E-02
488.26	8.3528E-02
488.71	8.7547E-02
489.17	9.1225E-02
489.62	9.5753E-02
490.08	1.0051E-01
490.53	1.0478E-01
490.98	1.0998E-01
491.44	1.1505E-01
491.89	1.1994E-01
492.35	1.2538E-01
492.80	1.3126E-01
493.25	1.3656E-01
493.71	1.4229E-01
494.16	1.4887E-01
494.62	1.5481E-01
495.07	1.6096E-01
495.52	1.6873E-01
495.98	1.7705E-01
496.43	1.8608E-01
496.88	1.9370E-01
497.34	2.0220E-01
497.79	2.1023E-01
498.24	2.1963E-01
498.70	2.2927E-01
499.15	2.3944E-01
499.61	2.4946E-01
500.06	2.5908E-01
500.51	2.7007E-01
500.97	2.8098E-01
501.42	2.9372E-01
501.87	3.0564E-01
502.33	3.1914E-01
502.78	3.3216E-01
503.23	3.4667E-01
503.68	3.6023E-01
504.14	3.7569E-01
504.59	3.9012E-01
505.04	4.0585E-01
505.50	4.2125E-01
505.95	4.3579E-01
506.40	4.5226E-01
506.86	4.7129E-01
507.31	4.9011E-01
507.76	5.0934E-01
508.22	5.2689E-01
508.67	5.4576E-01
509.12	5.6338E-01
509.57	5.8177E-01
510.03	6.0049E-01
510.48	6.2019E-01
510.93	6.4092E-01
511.38	6.6375E-01
511.84	6.8405E-01
512.29	7.0628E-01
512.74	7.2462E-01
513.20	7.4616E-01
513.65	7.6438E-01
514.10	7.8503E-01
514.55	8.0740E-01
515.01	8.2713E-01
515.46	8.4705E-01
515.91	8.6467E-01
516.36	8.8273E-01
516.82	9.0086E-01
517.27	9.1627E-01
517.72	9.3433E-01
518.17	9.5356E-01
518.62	9.7130E-01
519.08	9.8676E-01
519.53	9.9958E-01
519.98	1.0106E00
520.43	1.0182E00
520.89	1.0276E00
521.34	1.0395E00
521.79	1.0495E00
522.24	1.0529E00
522.69	1.0562E00
523.15	1.0581E00
523.60	1.0611E00
524.05	1.0629E00
524.50	1.0623E00
524.95	1.0581E00
525.40	1.0572E00
525.86	1.0531E00
526.31	1.0458E00
526.76	1.0372E00
527.21	1.0283E00
527.66	1.0227E00
528.12	1.0150E00
528.57	1.0052E00
529.02	9.9319E-01
529.47	9.8017E-01
529.92	9.6741E-01
530.37	9.5574E-01
530.82	9.4062E-01
531.28	9.2410E-01
531.73	9.0728E-01
532.18	8.9028E-01
532.63	8.7568E-01
533.08	8.5590E-01
533.53	8.4072E-01
533.98	8.2278E-01
534.44	8.0948E-01
534.89	7.9232E-01
535.34	7.7801E-01
535.79	7.6281E-01
536.24	7.4737E-01
536.69	7.3046E-01
537.14	7.1622E-01
537.59	7.0080E-01
538.04	6.8645E-01
538.50	6.7177E-01
538.95	6.5649E-01
539.40	6.4212E-01
539.85	6.2761E-01
540.30	6.1316E-01
540.75	5.9975E-01
541.20	5.8747E-01
541.65	5.7490E-01
542.10	5.6280E-01
542.55	5.5013E-01
543.00	5.3744E-01
543.45	5.2275E-01
543.91	5.1050E-01
544.36	4.9623E-01
544.81	4.8467E-01
545.26	4.7223E-01
545.71	4.6228E-01
546.16	4.5149E-01
546.61	4.4052E-01
547.06	4.2846E-01
547.51	4.1608E-01
547.96	4.0580E-01
548.41	3.9554E-01
548.86	3.8525E-01
549.31	3.7398E-01
549.76	3.6368E-01
550.21	3.5324E-01
550.66	3.4365E-01
551.11	3.3398E-01
551.56	3.2573E-01
552.01	3.1791E-01
552.46	3.0823E-01
552.91	3.0000E-01
553.36	2.8938E-01
553.81	2.8163E-01
554.26	2.7289E-01
554.71	2.6538E-01
555.16	2.5643E-01
555.61	2.4894E-01
556.06	2.4107E-01
556.51	2.3404E-01
556.96	2.2659E-01
557.41	2.1976E-01
557.86	2.1333E-01
558.31	2.0716E-01
558.76	2.0091E-01
559.21	1.9487E-01
559.66	1.8943E-01
560.11	1.8443E-01
560.56	1.7904E-01
561.01	1.7439E-01
561.46	1.6922E-01
561.91	1.6404E-01
562.36	1.5919E-01
562.81	1.5472E-01
563.26	1.5035E-01
563.71	1.4582E-01
564.16	1.4175E-01
564.61	1.3756E-01
565.06	1.3379E-01
565.51	1.2866E-01
565.95	1.2514E-01
566.40	1.2109E-01
566.85	1.1743E-01
567.30	1.1393E-01
567.75	1.1141E-01
568.20	1.0812E-01
568.65	1.0513E-01
569.10	1.0194E-01
569.55	9.8738E-02
570.00	9.5824E-02
570.45	9.3239E-02
570.89	9.0174E-02
571.34	8.7982E-02
571.79	8.5657E-02
572.24	8.3409E-02
572.69	8.1087E-02
573.14	7.9089E-02
573.59	7.6807E-02
574.04	7.4342E-02
574.49	7.1291E-02
574.93	6.8538E-02
575.38	6.6312E-02
575.83	6.4142E-02
576.28	6.2006E-02
576.73	6.0312E-02
577.18	5.8903E-02
577.63	5.7177E-02
578.07	5.5422E-02
578.52	5.3729E-02
578.97	5.2358E-02
579.42	5.0803E-02
579.87	4.9026E-02
580.32	4.7667E-02
580.77	4.6084E-02
581.21	4.4465E-02
581.66	4.3365E-02
582.11	4.2238E-02
582.56	4.0735E-02
583.01	3.9733E-02
583.46	3.9031E-02
583.90	3.7632E-02
584.35	3.6354E-02
584.80	3.5712E-02
585.25	3.4340E-02
585.70	3.2947E-02
586.14	3.1734E-02
586.59	3.0856E-02
587.04	3.0031E-02
587.49	2.9397E-02
587.94	2.8671E-02
588.38	2.7961E-02
588.83	2.6881E-02
589.28	2.5728E-02
589.73	2.5101E-02
590.18	2.4250E-02
590.62	2.3473E-02
591.07	2.3208E-02
591.52	2.2578E-02
591.97	2.1522E-02
592.41	2.0691E-02
592.86	2.0148E-02
593.31	1.9239E-02
593.76	1.8632E-02
594.20	1.8072E-02
594.65	1.7850E-02
595.10	1.7255E-02
595.55	1.6671E-02
595.99	1.6334E-02
596.44	1.5895E-02
596.89	1.5611E-02
597.34	1.5158E-02
597.78	1.4482E-02
598.23	1.4163E-02
598.68	1.3985E-02
599.13	1.3214E-02
599.57	1.2712E-02
600.02	1.2958E-02
600.47	1.2258E-02
600.91	1.1954E-02
601.36	1.1837E-02
601.81	1.1675E-02
602.26	1.1262E-02
602.70	1.1090E-02
603.15	1.0748E-02
603.60	1.0365E-02
604.04	1.0020E-02
604.49	9.8838E-03
604.94	9.9195E-03
605.38	9.5973E-03
605.83	9.3017E-03
606.28	9.2761E-03
606.72	8.8929E-03
607.17	7.9706E-03
607.62	7.8867E-03
608.06	7.9759E-03
608.51	7.4926E-03
608.96	7.3845E-03
609.40	7.6234E-03
609.85	7.4460E-03
610.30	7.1406E-03
610.74	7.1910E-03
611.19	7.0552E-03
611.64	6.8143E-03
612.08	6.8841E-03
612.53	6.6103E-03
612.98	6.3191E-03
613.42	6.2030E-03
613.87	5.9947E-03
614.31	5.4021E-03
614.76	5.1998E-03
615.21	5.1142E-03
615.65	4.6462E-03
616.10	4.4409E-03
616.55	4.3534E-03
616.99	4.3670E-03
617.44	4.2980E-03
617.88	4.1187E-03
618.33	4.2577E-03
618.78	4.1857E-03
619.22	3.9964E-03
619.67	4.1398E-03
620.11	4.1885E-03
620.56	4.1327E-03
621.01	3.9213E-03
621.45	3.7347E-03
621.90	3.5364E-03
622.34	3.6224E-03
622.79	3.3514E-03
623.23	3.4901E-03
623.68	3.4564E-03
624.13	3.0604E-03
624.57	2.9165E-03
625.02	2.9113E-03
625.46	2.6744E-03
625.91	2.7070E-03
626.35	2.6863E-03
626.80	2.6690E-03
627.24	2.6284E-03
627.69	2.7977E-03
628.14	3.0212E-03
628.58	2.8628E-03
629.03	2.5349E-03
629.47	2.4970E-03
629.92	2.1744E-03
630.36	1.6510E-03
630.81	1.6804E-03
631.25	1.5658E-03
631.70	1.2428E-03
632.14	1.3674E-03
632.59	1.4617E-03
633.03	1.4085E-03
633.48	1.4354E-03
633.92	1.7551E-03
634.37	1.5573E-03
634.81	1.5567E-03
635.26	1.6446E-03
635.70	1.6910E-03
636.15	1.4536E-03
636.59	1.6410E-03
637.04	1.5563E-03
637.48	1.2144E-03
637.93	1.3474E-03
638.37	1.5237E-03
638.82	1.6705E-03
639.26	1.8580E-03
639.71	2.1794E-03
640.15	2.1236E-03
640.60	1.8722E-03
641.04	1.6274E-03
641.49	1.4072E-03
641.93	1.2691E-03
642.37	1.1582E-03
642.82	1.1732E-03
643.26	8.4917E-04
643.71	8.0395E-04
644.15	8.0690E-04
644.60	6.0655E-04
645.04	6.8966E-04
645.49	9.5012E-04
645.93	9.9758E-04
646.37	8.5901E-04
646.82	1.0098E-03
647.26	8.5722E-04
647.71	8.1540E-04
648.15	6.1617E-04
648.60	5.6118E-04
649.04	2.6381E-04
649.48	2.7003E-04
649.93	2.1492E-04
650.37	5.0958E-04
650.82	6.0147E-04
651.26	6.8045E-04
651.70	7.6348E-04
652.15	7.7007E-04
652.59	7.0600E-04
653.04	6.3200E-04
653.48	6.9414E-04
653.92	8.5275E-04
654.37	9.0891E-04
654.81	8.2834E-04
655.25	7.6918E-04
655.70	8.2928E-04
656.14	4.3906E-04
656.59	2.4553E-04
657.03	4.9225E-05
657.47	1.4774E-04
657.92	2.8937E-04
658.36	6.2470E-04
658.80	6.7370E-04
659.25	7.1398E-04
659.69	5.9054E-04
660.13	4.8010E-04
660.58	9.8585E-05
661.02	1.8197E-04
661.46	3.3651E-04
661.91	1.6346E-04
662.35	-2.3443E-04
662.79	1.2023E-04
663.24	-1.2642E-04
663.68	1.4495E-04
664.12	7.0349E-04
664.57	1.0983E-03
665.01	1.0145E-03
665.45	1.2850E-03
665.90	9.6918E-04
666.34	8.6553E-04
666.78	5.7054E-04
667.22	4.1245E-04
667.67	3.0360E-04
668.11	4.7069E-04
668.55	2.1679E-05
669.00	9.2959E-05
669.44	3.2231E-04
669.88	3.0075E-04
670.33	1.5512E-05
670.77	5.2840E-05
671.21	1.6474E-04
671.65	-7.4572E-05
672.10	-4.0365E-05
672.54	2.4546E-04
672.98	8.6527E-04
673.42	9.2545E-04
673.87	9.7090E-04
674.31	9.3341E-04
674.75	6.2491E-04
675.19	6.2457E-06
675.64	1.3435E-04
676.08	2.3118E-04
676.52	3.5277E-04
676.96	5.8743E-04
677.41	6.3137E-04
677.85	4.2252E-04
678.29	2.5373E-04
678.73	2.3526E-04
679.18	2.0729E-04
679.62	3.9933E-04
680.06	3.6506E-04
680.50	2.7966E-04
680.94	2.1328E-04
681.39	1.6600E-04
681.83	-1.8830E-05
682.27	9.4330E-06
682.71	-3.1568E-06
683.15	4.7380E-05
683.60	-1.5182E-04
684.04	-1.5161E-04
684.48	-1.6101E-04
684.92	-1.2613E-05
685.36	-6.6208E-05
685.81	2.5237E-05
686.25	3.0643E-04
686.69	2.5310E-04
687.13	2.3765E-04
687.57	7.9274E-05
688.01	1.2991E-04
688.46	-1.2040E-04
688.90	-5.0721E-05
689.34	1.3017E-04
689.78	2.7635E-04
690.22	2.5094E-04
690.66	4.3826E-04
691.11	2.3195E-04
691.55	1.3667E-04
691.99	2.3205E-04
692.43	4.0035E-04
692.87	5.6927E-04
693.31	6.9961E-04
693.75	5.4036E-04
694.20	2.9519E-04
694.64	2.3488E-04
695.08	3.1821E-06
695.52	-2.5511E-05
695.96	-8.9494E-05
696.40	-3.1952E-06
696.84	-3.3898E-04
697.28	-4.1564E-04
697.73	-1.5692E-04
698.17	-1.4410E-04
698.61	-3.0768E-04
699.05	-3.9363E-04
699.49	-4.4824E-04
699.93	-6.6873E-04
700.37	-3.9141E-04
700.81	-5.4608E-05
701.25	2.1563E-04
701.69	2.8013E-04
702.13	3.1221E-04
702.58	1.0614E-04
703.02	7.7147E-05
703.46	1.7994E-04
703.90	2.2199E-04
704.34	3.3144E-04
704.78	3.5810E-04
705.22	2.5224E-04
705.66	2.9174E-04
706.10	2.4664E-04
706.54	6.8010E-05
706.98	2.5560E-04
707.42	3.6192E-04
707.86	2.2994E-04
708.30	2.1737E-04
708.74	4.7800E-04
709.18	2.0503E-04
709.62	-1.9551E-05
710.06	2.4472E-04
710.51	4.4505E-04
710.95	2.5571E-04
711.39	2.0657E-04
711.83	2.1266E-04
712.27	-3.5926E-05
712.71	-1.0777E-04
713.15	8.1777E-05
713.59	1.1456E-04
714.03	2.4269E-04
714.47	2.3661E-04
714.91	1.6800E-04
715.35	6.6034E-05
715.79	9.2626E-05
716.23	7.6281E-05
716.67	-1.6597E-05
717.11	9.6272E-05
717.55	1.6586E-05
717.99	1.9233E-04
718.43	2.3587E-04
718.87	2.6337E-04
719.31	2.2089E-04
719.75	2.6881E-04
720.18	1.6489E-04
720.62	-6.7512E-06
721.06	-9.7964E-05
721.50	1.3569E-04
721.94	-1.1527E-04
722.38	8.8241E-05
722.82	2.1345E-04
723.26	5.2880E-04
723.70	1.6930E-05
724.14	1.9659E-04
724.58	-4.0755E-05
725.02	-1.0907E-04
725.46	-3.5563E-04
725.90	3.7706E-05
726.34	-2.4038E-05
726.78	2.0601E-04
727.22	6.6545E-04
727.66	9.0449E-04
728.09	5.7531E-04
728.53	7.0776E-04
728.97	4.9876E-04
729.41	2.0170E-04
729.85	4.4610E-05
730.29	4.4805E-05
730.73	6.2159E-05
731.17	3.3211E-04
731.61	1.3854E-04
732.05	3.1235E-04
732.49	4.6874E-04
732.92	1.6674E-04
733.36	-2.1506E-04
733.80	5.1917E-05
734.24	-1.6935E-04
734.68	-2.5602E-04
735.12	-2.6390E-04
735.56	1.9166E-04
736.00	2.9066E-04
736.43	3.7631E-04
736.87	4.0903E-04
737.31	6.8501E-04
737.75	2.6091E-04
738.19	9.5024E-05
738.63	3.3020E-04
739.07	5.4099E-04
739.50	5.1723E-04
739.94	8.4172E-04
740.38	9.3210E-04
740.82	3.7165E-04
741.26	2.7354E-04
741.70	3.0971E-04
742.14	1.7811E-04
742.57	3.5619E-05
743.01	4.4843E-04
743.45	3.0627E-04
743.89	4.9778E-04
744.33	4.6907E-04
744.76	4.5764E-04
745.20	4.1540E-04
745.64	4.2270E-04
746.08	3.3824E-04
746.52	-5.3583E-05
746.96	1.1484E-04
747.39	8.6454E-05
747.83	3.1396E-04
748.27	4.0766E-04
748.71	7.6114E-04
749.15	7.0622E-04
749.58	2.5202E-04
750.02	1.4016E-04
750.46	1.6189E-04
750.90	8.2870E-05
751.33	1.8055E-04
751.77	7.0197E-04
752.21	7.5464E-04
752.65	8.5135E-04
753.09	8.9289E-04
753.52	8.3868E-04
753.96	9.5413E-04
754.40	7.6430E-04
754.84	3.0911E-04
755.27	4.7300E-04
755.71	1.1994E-04
756.15	1.4538E-04
756.59	-8.7187E-05
757.02	1.2367E-04
757.46	2.9464E-04
757.90	4.4065E-04
758.33	7.6596E-05
758.77	3.2225E-04
759.21	1.9464E-04
759.65	8.0985E-05
760.08	1.0677E-04
760.52	2.2081E-04
760.96	4.7809E-04
761.40	7.3819E-04
761.83	4.5148E-04
762.27	6.0880E-04
762.71	7.5985E-04
763.14	4.9335E-04
763.58	2.6584E-04
764.02	5.5937E-04
764.45	3.6699E-04
764.89	1.4112E-04
765.33	6.7636E-04
765.77	1.0059E-03
766.20	9.9491E-04
766.64	8.5057E-04
767.08	9.4719E-04
767.51	4.7762E-04
767.95	3.7277E-04
768.39	0.0000E00
768.82	1.3431E-04
769.26	-1.3845E-04
769.70	-2.3677E-04
770.13	-6.4242E-04
770.57	-2.7674E-04
771.01	-2.0899E-04
771.44	1.1020E-04
771.88	6.8542E-04
772.32	8.7225E-04
772.75	6.0996E-04
773.19	5.1836E-04
773.62	6.6705E-04
774.06	5.7497E-04
774.50	7.7654E-04
774.93	8.1133E-04
775.37	9.9765E-04
775.81	9.6623E-04
776.24	5.0808E-04
776.68	2.5471E-04
777.11	4.7639E-04
777.55	6.6336E-04
777.99	9.7185E-05
778.42	-5.0566E-05
778.86	-2.4956E-04
779.30	-5.0386E-04
779.73	-1.0095E-03
780.17	-4.5006E-04
780.60	-2.3494E-05
781.04	2.8960E-04
781.47	5.4794E-04
781.91	9.8307E-04
782.35	9.4617E-04
782.78	8.0733E-04
783.22	8.4114E-04
783.65	6.1541E-04
784.09	3.4230E-04
784.53	2.4763E-04
784.96	4.3997E-05
785.40	1.1216E-04
785.83	6.4086E-05
786.27	1.9168E-04
786.70	2.7944E-04
787.14	5.1900E-04
787.57	1.4417E-04
788.01	1.4436E-04
788.45	2.0490E-04
788.88	9.6480E-05
789.32	3.4265E-04
789.75	5.9435E-04
790.19	5.0412E-04
790.62	2.6941E-04
791.06	1.5173E-04
791.49	-3.5724E-04
791.93	-4.1520E-04
792.36	-2.9973E-04
792.80	-2.0120E-04
793.23	-2.4637E-04
793.67	-3.2833E-05
794.10	5.3286E-05
794.54	3.7697E-04
794.97	3.5692E-04
795.41	3.7460E-04
795.84	3.3856E-04
796.28	4.0642E-04
796.71	3.2859E-04
797.15	5.2163E-04
797.58	6.2347E-04
798.02	5.0379E-04
798.45	4.4649E-04
798.89	3.2887E-04
799.32	8.8569E-05
799.76	4.1312E-04
800.19	5.0601E-04
800.63	3.2901E-04
801.06	3.3752E-04
801.50	4.7256E-04
801.93	4.2206E-06
802.37	6.7598E-05
802.80	-8.9038E-05
803.24	-1.9998E-04
803.67	-1.4083E-04
804.10	2.5654E-05
804.54	2.4899E-04
804.97	7.1590E-04
805.41	7.8727E-04
805.84	6.5093E-04
806.28	8.1275E-04
806.71	4.2280E-04
807.15	2.7499E-04
807.58	2.4007E-04
808.01	8.7307E-06
808.45	-1.9620E-04
808.88	-1.4839E-04
809.32	-3.8029E-04
809.75	-1.8384E-04
810.18	-7.8977E-05
810.62	-4.8820E-04
811.05	-3.9707E-05
811.49	1.4160E-04
811.92	-3.1086E-04
812.36	-3.0752E-04
812.79	1.3420E-05
813.22	-6.2695E-04
813.66	-6.7207E-04
814.09	-3.7183E-04
814.52	-8.9586E-05
814.96	-8.0709E-05
815.39	8.9840E-05
815.83	-7.6561E-05
816.26	1.6233E-04
816.69	-2.4833E-04
817.13	-1.4928E-04
817.56	-9.0712E-05
817.99	-7.7297E-05
818.43	-1.9609E-04
818.86	3.4733E-04
819.30	5.0402E-04
819.73	1.4680E-04
820.16	4.8809E-04
820.60	5.1725E-04
821.03	-8.8104E-05
821.46	1.0684E-04
821.90	3.0721E-04
822.33	1.4882E-04
822.76	-2.6989E-04
823.20	-6.9766E-05
823.63	-4.8414E-04
824.06	-5.2676E-04
824.50	-5.9747E-04
824.93	-2.5747E-04
825.36	-4.4518E-04
825.80	-2.5837E-04
826.23	-8.9383E-05
826.66	1.4138E-04
827.09	-3.6873E-04
827.53	2.1335E-04
827.96	-2.6668E-04
828.39	-3.7740E-04
828.83	-5.6028E-04
829.26	-4.7886E-05
829.69	-1.0532E-04
830.13	7.3841E-04
830.56	4.9911E-04
830.99	5.4270E-04
831.42	1.9199E-04
831.86	-2.3061E-04
832.29	-8.7047E-04
832.72	-3.3212E-04
833.16	-2.8894E-05
833.59	3.1785E-04
834.02	5.5910E-04
834.45	1.0341E-03
834.89	5.3806E-04
835.32	1.9454E-05
835.75	5.3647E-05
836.18	-3.0815E-04
836.62	-8.2297E-04
837.05	-2.8478E-04
837.48	-3.6395E-04
837.91	-7.6874E-04
838.35	-4.6359E-04
838.78	-1.3821E-04
839.21	1.8787E-04
839.64	2.4685E-04
840.07	6.6595E-04
840.51	7.0384E-04
840.94	6.9063E-04
841.37	-1.9239E-04
841.80	5.9223E-05
842.24	-2.1220E-04
842.67	-5.6422E-04
843.10	-1.3136E-03
843.53	-1.5062E-03
843.96	-1.3870E-03
844.40	-1.1582E-03
844.83	-1.0881E-03
845.26	-5.3406E-04
845.69	-3.0211E-04
846.12	-2.6683E-04
846.56	-1.6586E-04
846.99	-3.6725E-04
847.42	-2.6140E-04
847.85	-8.0580E-05
848.28	-8.0594E-05
848.71	-4.5904E-04
849.15	-1.5622E-04
849.58	7.0493E-05
850.01	4.5850E-04
850.44	-2.2208E-04
850.87	-2.3803E-04
851.30	9.1579E-05
851.74	-1.0749E-04
852.17	-1.4415E-04
852.60	4.0271E-04
853.03	5.1778E-04
853.46	6.5818E-04
853.89	8.8127E-05
854.32	-2.8436E-04
854.76	-5.0077E-04
855.19	-5.7232E-04
855.62	-8.7185E-04
856.05	-5.5684E-04
856.48	-3.1465E-04
856.91	-1.3932E-04
857.34	1.2370E-04
857.77	-3.1440E-04
858.21	-8.2423E-05
858.64	-1.9609E-04
859.07	-1.5501E-04
859.50	-4.4608E-04
859.93	0.0000E00
860.36	-1.5682E-04
860.79	-2.3617E-04
861.22	-4.3212E-04
861.65	-5.2789E-05
862.09	-2.2718E-04
862.52	-3.1692E-05
862.95	-1.1633E-04
863.38	-7.4075E-05
863.81	-1.1113E-04
864.24	-1.4284E-04
864.67	-4.0172E-04
865.10	-4.6536E-04
865.53	-3.6555E-04
865.96	-7.0517E-04
866.39	-7.1643E-04
866.82	-4.6752E-04
867.25	3.0306E-04
867.68	5.3252E-04
868.12	5.2773E-04
868.55	9.5220E-04
868.98	6.4497E-04
869.41	1.1347E-04
869.84	-1.5205E-04
870.27	-3.3830E-04
870.70	-6.6874E-04
871.13	-2.2533E-04
871.56	-1.0453E-04
871.99	1.2664E-04
872.42	1.5982E-04
872.85	2.7592E-04
873.28	-1.8778E-04
873.71	2.1561E-04
874.14	-3.4851E-04
874.57	8.3077E-05
875.00	1.3325E-04
875.43	4.0570E-04
875.86	-3.1688E-04
876.29	1.0012E-04
876.72	-3.6196E-04
877.15	-7.5269E-04
877.58	-7.4757E-04
878.01	-4.3040E-04
878.44	-5.3236E-04
878.87	-3.3175E-04
879.30	-1.6928E-05
879.73	3.1152E-04
880.16	-2.4437E-04
880.59	-1.7102E-04
881.02	-1.7743E-04
881.45	4.0111E-05
881.88	-6.8769E-04
882.31	-4.0091E-04
882.74	-7.3927E-04
883.17	-7.1602E-04
883.60	-7.0875E-04
884.03	-5.4237E-04
884.46	-5.9964E-04
884.89	-2.6265E-04
885.32	9.6971E-05
885.74	-3.8206E-04
886.17	-2.6300E-04
886.60	1.0319E-04
887.03	2.2436E-04
887.46	1.5557E-04
887.89	4.9072E-04
888.32	2.5981E-04
888.75	6.6921E-04
889.18	2.5401E-04
889.61	-3.4709E-05
890.04	5.8127E-05
890.47	4.4294E-04
890.90	2.5179E-04
891.33	3.5209E-04
891.75	4.1824E-04
892.18	2.3593E-04
892.61	-2.9540E-04
893.04	-7.8084E-04
893.47	-1.0654E-03
893.90	-8.8233E-04
894.33	-4.0344E-04
894.76	-4.6960E-04
895.19	-7.1443E-04
895.61	-5.4257E-04
896.04	-6.6239E-04
896.47	-1.2545E-03
896.90	-1.2357E-03
897.33	-5.6690E-04
897.76	1.0168E-04
898.19	1.4991E-04
898.62	6.2517E-04
899.04	1.7733E-03
899.47	1.4612E-03
899.90	6.9220E-04
900.33	2.6542E-04
900.76	-3.2732E-04
901.19	-1.0767E-03
901.62	-8.7357E-04
902.04	0.0000E00
902.47	2.0960E-04
902.90	1.4248E-04
903.33	-1.7415E-04
903.76	-5.4806E-04
904.19	-8.4702E-04
904.61	-4.0422E-04
905.04	-1.3639E-04
905.47	1.4241E-04
905.90	5.3955E-04
906.33	3.1122E-05
906.76	-4.3089E-04
907.18	-9.1524E-04
907.61	-7.9906E-04
908.04	-9.7840E-04
908.47	-3.5394E-04
908.90	-5.9439E-04
909.32	-3.7332E-04
909.75	-4.5607E-04
910.18	-1.9035E-05
910.61	-1.0835E-04
911.04	1.0252E-03
911.46	1.3655E-03
911.89	1.0351E-03
912.32	6.6828E-04
912.75	2.0204E-04
913.17	-7.1897E-04
913.60	-5.2432E-04
914.03	-3.9999E-04
914.46	-5.2471E-04
914.89	-2.4934E-04
915.31	-5.3279E-04
915.74	-5.4709E-04
916.17	-5.1649E-04
916.60	-5.3743E-04
917.02	-4.7982E-04
917.45	-2.4721E-04
917.88	-3.4898E-04
918.31	-3.6338E-04
918.73	2.6997E-05
919.16	8.1134E-05
919.59	6.9788E-04
920.02	8.4800E-04
920.44	1.3188E-03
920.87	7.9719E-04
921.30	7.6614E-04
921.72	3.4403E-04
922.15	-1.0380E-04
922.58	-4.5293E-04
923.01	-2.8018E-04
923.43	-5.0717E-04
923.86	-4.7469E-04
924.29	-6.1142E-04
924.71	-4.4285E-04
925.14	-5.0152E-04
925.57	-1.1541E-03
925.99	-1.1161E-03
926.42	-9.5225E-04
926.85	-6.6338E-04
927.28	-7.4600E-04
927.70	-1.4688E-04
928.13	4.1272E-04
928.56	3.7803E-04
928.98	2.9097E-04
929.41	3.1515E-04
929.84	3.4740E-04
930.26	-1.7468E-04
930.69	-1.1496E-04
931.12	-4.2471E-04
931.54	-6.7029E-04
931.97	-4.8720E-04
932.40	-1.7434E-04
932.82	8.8011E-05
933.25	-2.7460E-04
933.68	4.4933E-04
934.10	5.7075E-04
934.53	4.4436E-04
934.96	-1.6155E-04
935.38	3.7937E-04
935.81	-5.6761E-04
936.23	-9.5594E-04
936.66	-1.5520E-03
937.09	-5.1109E-04
937.51	-4.0720E-04
937.94	4.3215E-04
938.37	1.1434E-03
938.79	2.5392E-03
939.22	2.5871E-03
939.64	2.0404E-03
940.07	2.0291E-03
940.50	1.0276E-03
940.92	-5.1792E-05
941.35	-3.3330E-04
941.77	3.4628E-04
942.20	4.7501E-04
942.63	1.6350E-03
943.05	1.8334E-03
943.48	1.6591E-03
943.90	1.9663E-03
944.33	1.5260E-03
944.76	8.1520E-04
945.18	4.1784E-04
945.61	1.6598E-03
946.03	1.0701E-03
946.46	8.9911E-04
946.88	9.8404E-04
947.31	8.7720E-04
947.74	-3.8424E-04
948.16	-1.4794E-03
948.59	-1.1658E-03
949.01	-4.8461E-04
949.44	-4.7180E-04
949.86	-1.8783E-04
950.29	1.4006E-03
950.71	2.1944E-03
951.14	1.4302E-03
951.57	1.7152E-03
951.99	1.6574E-03
952.42	9.0715E-04
952.84	6.8423E-04
953.27	7.6308E-04
953.69	6.6211E-04
954.12	-2.1055E-04
954.54	2.6034E-04
954.97	2.3024E-04
955.39	-5.9926E-05
955.82	7.1676E-04
956.24	1.2309E-03
956.67	1.0994E-03
957.09	-9.9202E-05
957.52	-3.7630E-04
957.94	-1.6930E-03
958.37	-1.4486E-03
958.79	-6.9931E-04
959.22	-5.3141E-04
959.64	-8.0726E-04
960.07	3.8434E-04
960.49	-9.8745E-05
960.92	-1.3266E-03
961.34	-9.8192E-04
961.77	-7.3380E-04
962.19	-5.3740E-04
962.62	-3.2930E-04
963.04	-3.1091E-04
963.47	2.9169E-04
963.89	4.5390E-04
964.31	-2.4219E-04
964.74	-2.4195E-04
965.16	-5.4499E-04
965.59	-2.7316E-04
966.01	-5.2663E-04
966.44	-9.8919E-04
966.86	-3.9300E-04
967.29	5.2365E-04
967.71	2.0173E-05
968.14	1.6941E-03
968.56	1.2635E-03
968.98	4.7677E-04
969.41	8.1443E-05
969.83	-1.0223E-04
970.26	-1.6106E-03
970.68	-7.2094E-04
971.10	-8.3652E-04
971.53	-4.9820E-04
971.95	-7.4204E-04
972.38	-1.0209E-03
972.80	-6.2353E-04
973.23	-3.1839E-04
973.65	-4.5878E-04
974.07	-4.0783E-04
974.50	-6.6707E-04
974.92	-1.6379E-03
975.35	-1.6844E-03
975.77	-1.6788E-03
976.19	-1.6500E-03
976.62	-1.6772E-03
977.04	-1.1934E-03
977.46	-1.1367E-03
977.89	-1.3550E-03
978.31	-1.7543E-03
978.74	-3.9324E-04
979.16	-1.2796E-03
979.58	-1.6061E-03
980.01	-1.4221E-03
980.43	-9.1037E-04
980.85	-1.2284E-03
981.28	-1.0478E-03
981.70	-1.7661E-03
982.12	-1.9146E-03
982.55	-2.1978E-03
982.97	-2.0787E-03
983.40	-1.8186E-03
983.82	-9.3803E-04
984.24	-1.3876E-03
984.67	-1.6576E-03
985.09	-1.1874E-03
985.51	-2.4292E-04
985.94	9.2640E-04
986.36	1.4584E-03
986.78	8.3937E-04
987.20	-6.5822E-04
987.63	-1.0743E-03
988.05	-2.6008E-03
988.47	-3.4717E-03
988.90	-3.2245E-03
989.32	-1.2899E-03
989.74	-5.5253E-04
990.17	-7.2305E-04
990.59	-9.0731E-05
991.01	4.1589E-04
991.44	9.1112E-05
991.86	-4.1651E-04
992.28	3.3885E-04
992.70	-1.0692E-03
993.13	-1.0593E-03
993.55	-1.3641E-03
993.97	-1.3809E-03
994.40	-2.3079E-03
994.82	-3.5686E-04
995.24	4.9024E-04
995.66	4.6336E-04
996.09	-7.0194E-04
996.51	-5.6919E-04
996.93	-7.4325E-04
997.35	-1.4854E-03
997.78	-2.7523E-03
998.20	-2.0573E-03
998.62	-6.9054E-04
999.04	-1.1826E-03
999.47	-1.1981E-03
999.89	-1.0820E-03
1000.31	-8.4363E-04
1000.73	-1.0487E-03
1001.16	-9.4478E-04
1001.58	-4.6127E-04
1002.00	-2.3191E-04
1002.42	0.0000E00
1002.85	-1.0901E-03
1003.27	-4.1667E-04
1003.69	-8.5466E-04
1004.11	-2.5427E-04
1004.53	-7.8171E-04
1004.96	5.8559E-04
1005.38	-1.1454E-03
1005.80	-1.2089E-03
1006.22	-6.0685E-04
1006.64	4.5090E-04
1007.07	9.7921E-04
1007.49	1.2201E-03
1007.91	2.1732E-03
1008.33	6.2409E-04
1008.75	-9.8603E-04
1009.18	-1.2771E-03
1009.60	6.0560E-04
1010.02	1.0659E-04
1010.44	3.9816E-04
1010.86	2.4607E-04
1011.28	-1.0356E-03
1011.71	-2.3133E-03
1012.13	-2.5276E-03
1012.55	-1.3821E-03
1012.97	-3.1556E-05
1013.39	-1.0618E-03
1013.81	-5.8906E-04
1014.24	-1.3115E-03
1014.66	-2.3721E-03
1015.08	-3.4503E-03
1015.50	-1.5984E-03
1015.92	-4.4035E-04
1016.34	5.4423E-04
1016.76	1.0648E-03
1017.19	1.5285E-03
1017.61	1.5591E-03
1018.03	-8.5656E-04
1018.45	-1.0029E-03
1018.87	-1.7638E-03
1019.29	-1.9379E-03
1019.71	-2.0595E-03
1020.13	-1.8586E-03
1020.56	-3.2765E-03
1020.98	-2.7472E-03
1021.40	-2.8316E-03
1021.82	-3.5154E-03
1022.24	-3.6231E-03
1022.66	-2.9824E-03
1023.08	-3.2667E-03
1023.50	-2.8628E-03
1023.92	-3.3795E-03
1024.34	-3.3491E-03
1024.77	-2.9061E-03
1025.19	-2.3877E-03
1025.61	-4.5281E-03
1026.03	-4.1623E-03
1026.45	-2.4532E-03
1026.87	-1.2661E-03
1027.29	-1.3549E-03
1027.71	2.4826E-03
1028.13	3.3902E-03
1028.55	3.3128E-03
1028.97	2.5638E-03
1029.39	2.7455E-03
1029.81	4.4336E-04
1030.24	1.3250E-03
1030.66	1.5041E-03
1031.08	1.2787E-03
1031.50	1.5299E-04
1031.92	1.3917E-03
1032.34	-1.9886E-03
1032.76	-2.6364E-03
1033.18	-3.3921E-03
1033.60	-4.3771E-03
1034.02	-5.2153E-03
1034.44	-4.3258E-03
1034.86	-5.3004E-03
1035.28	-3.7892E-03
1035.70	-4.0231E-03
1036.12	-4.8034E-03
1036.54	-4.0530E-03
1036.96	-3.1480E-03
1037.38	-2.9976E-03
1037.80	-8.9629E-04
1038.22	-2.8410E-04
1038.64	-3.1821E-03
1039.06	-2.7122E-03
1039.48	-3.8217E-03
1039.90	-1.7411E-03
1040.32	-4.3177E-04
1040.74	4.9304E-03
1041.16	3.8362E-03
1041.58	3.6517E-03
1042.00	1.3363E-03
1042.42	-8.4332E-04
1042.84	-1.3322E-03
1043.26	4.0112E-04
1043.68	-1.2150E-03
1044.10	5.8396E-05
1044.52	1.0920E-03
1044.94	-1.0741E-03
1045.36	-1.0859E-03
1045.78	-2.4339E-04
1046.20	-2.1569E-04
1046.62	4.9996E-04
1047.04	5.3851E-04
1047.46	-1.2171E-03
1047.88	-1.4299E-03
1048.29	-1.6138E-03
1048.71	-3.4785E-03
1049.13	-4.3327E-03
1049.55	-3.9620E-03
1049.97	-3.2779E-03
1050.39	-3.9520E-03
1050.81	-1.9984E-03
1051.23	-1.4110E-03
1051.65	-8.7851E-04
1052.07	1.1080E-03
1052.49	2.7595E-03
1052.91	-3.7598E-04
1053.33	4.9471E-04
1053.75	9.2287E-04
1054.16	1.7522E-03
1054.58	6.2862E-04
1055.00	2.6958E-03
1055.42	4.6498E-03
1055.84	2.9603E-03
1056.26	2.8735E-04
1056.68	2.8193E-03
1057.10	4.7402E-03
1057.52	5.8444E-03
1057.94	8.0468E-03
1058.35	8.7296E-03
1058.77	4.4219E-03
1059.19	6.1707E-03
1059.61	1.2611E-03
1060.03	2.8359E-03
1060.45	1.0204E-03
1060.87	6.8041E-03
1061.28	6.1595E-03
1061.70	6.6595E-03
1062.12	1.2951E-03
1062.54	3.0865E-03
1062.96	-3.1960E-03
1063.38	-6.1679E-03
1063.80	-4.4540E-03
1064.21	-9.1002E-04
1064.63	2.1711E-03
1065.05	3.2999E-03
1065.47	3.3015E-03
1065.89	9.0653E-04
1066.31	-1.3152E-03
1066.73	-9.5425E-03
1067.14	-1.6026E-02
1067.56	-1.8069E-02
1067.98	-1.7893E-02
1068.40	-1.4366E-02
1068.82	-1.2047E-02
1069.23	-7.7921E-03
1069.65	-2.6781E-03
1070.07	-4.5597E-03
1070.49	-7.7643E-03
1070.91	-7.9528E-03
1071.32	-5.6626E-03
1071.74	-5.8258E-03
1072.16	-5.1486E-03
1072.58	-5.2906E-03
1073.00	-1.0426E-03
1073.41	-3.0332E-03
1073.83	-1.2900E-02
1074.25	-8.4574E-03
1074.67	-8.3689E-03
1075.09	-8.9591E-03
1075.50	-6.6397E-03
1075.92	3.0923E-03
1076.34	-5.1442E-03
1076.76	-8.3463E-03
1077.17	-8.8443E-03
1077.59	-8.5905E-03
1078.01	-1.4441E-02
1078.43	-1.1451E-02
1078.85	-1.1323E-02
1079.26	-1.6154E-02
1079.68	-2.3527E-02
1080.10	-2.3526E-02
1080.52	-1.7566E-02
1080.93	-1.1689E-02
1081.35	-1.1634E-02
1081.77	-3.3888E-03
1082.18	-7.3888E-04
1082.60	-6.7370E-03
1083.02	-1.3764E-02
1083.44	3.6752E-03
1083.85	-3.3478E-03
1084.27	-1.0011E-04
1084.69	6.1371E-04
1085.11	8.3613E-04
1085.52	-1.0656E-02
1085.94	3.7630E-03
1086.36	1.0848E-02
1086.77	1.0394E-02
1087.19	8.4436E-03
1087.61	1.0289E-02
1088.03	5.7574E-03
1088.44	6.3662E-03
1088.86	7.8452E-03
1089.28	2.1472E-02
1089.69	1.3465E-02
1090.11	6.5536E-03
1090.53	-5.7658E-03
1090.94	1.3090E-04
1091.36	-4.6678E-03
1091.78	-7.6143E-03
1092.19	-1.4785E-02
1092.61	-1.6689E-02
1093.03	-2.1256E-02
1093.44	-1.0554E-02
1093.86	-3.6692E-03
1094.28	1.0389E-02
1094.69	4.8359E-04
1095.11	-9.2280E-03
1095.53	-3.0237E-02
1095.94	-3.8739E-02
1096.36	-4.9136E-02
1096.78	-3.5199E-02
1097.19	-2.6580E-02
1097.61	-2.2531E-02
1098.03	-2.4925E-02
1098.44	-2.1939E-02
1098.86	-3.8507E-02
1099.28	-2.8787E-02
1099.69	-3.5606E-02
1100.11	-0.0000E00
1100.52	0.0000E00
1100.94	0.0000E00
1101.36	0.0000E00
1101.77	0.0000E00
1102.19	0.0000E00
1102.61	-0.0000E00
1103.02	0.0000E00
1103.44	0.0000E00
1103.85	0.0000E00
1104.27	0.0000E00
1104.69	-0.0000E00
1105.10	-0.0000E00
1105.52	-0.0000E00
1105.93	-0.0000E00
1106.35	-0.0000E00
1106.76	0.0000E00
1107.18	0.0000E00
1107.60	-0.0000E00
1108.01	-0.0000E00
1108.43	-0.0000E00
1108.84	-0.0000E00
1109.26	-0.0000E00
1109.68	-0.0000E00
1110.09	-0.0000E00
1110.51	-0.0000E00
1110.92	-0.0000E00
1111.34	-0.0000E00
1111.75	-0.0000E00
1112.17	-0.0000E00
1112.58	-0.0000E00
1113.00	-0.0000E00
1113.42	-0.0000E00
1113.83	-0.0000E00
1114.25	0.0000E00
1114.66	0.0000E00
