198.80	0.0000E00
199.27	0.0000E00
199.74	0.0000E00
200.21	0.0000E00
200.69	0.0000E00
201.16	0.0000E00
201.63	-0.0000E00
202.10	0.0000E00
202.58	0.0000E00
203.05	0.0000E00
203.52	0.0000E00
203.99	0.0000E00
204.46	0.0000E00
204.94	0.0000E00
205.41	0.0000E00
205.88	0.0000E00
206.35	0.0000E00
206.82	-0.0000E00
207.29	0.0000E00
207.77	0.0000E00
208.24	0.0000E00
208.71	0.0000E00
209.18	0.0000E00
209.65	0.0000E00
210.12	8.9566E-01
210.60	2.6784E-01
211.07	5.2059E-01
211.54	8.4350E-01
212.01	4.3350E-01
212.48	3.9015E-01
212.95	1.0099E-01
213.42	2.4107E-01
213.90	5.5760E-01
214.37	1.5639E-01
214.84	2.8532E-01
215.31	-8.4767E-02
215.78	4.5498E-01
216.25	3.1918E-01
216.72	3.3083E-01
217.19	-7.5007E-02
217.67	2.4001E-01
218.14	1.6130E-01
218.61	4.2503E-01
219.08	1.7320E-02
219.55	2.5357E-01
220.02	8.2230E-02
220.49	3.8509E-01
220.96	2.4667E-01
221.43	2.8669E-01
221.90	1.6180E-01
222.37	1.2835E-01
222.85	1.7979E-01
223.32	2.1723E-01
223.79	7.8658E-02
224.26	1.4023E-01
224.73	8.6221E-02
225.20	1.0769E-01
225.67	1.7205E-01
226.14	4.6302E-01
226.61	9.5416E-02
227.08	8.1376E-02
227.55	9.7945E-02
228.02	8.5641E-02
228.49	1.2954E-01
228.96	1.3417E-01
229.43	1.5656E-01
229.90	1.3396E-01
230.37	-8.1473E-03
230.84	1.0243E-01
231.31	0.0000E00
231.78	2.3176E-01
232.26	-3.6542E-02
232.73	1.8428E-01
233.20	-1.3800E-02
233.67	8.7071E-02
234.14	5.1984E-02
234.61	1.2612E-01
235.08	1.6572E-01
235.55	1.0143E-01
236.02	9.9108E-02
236.49	9.6935E-02
236.96	4.4952E-02
237.43	1.0452E-01
237.90	-1.0757E-02
238.36	1.6262E-01
238.83	1.1239E-01
239.30	1.4426E-01
239.77	7.7908E-02
240.24	3.3582E-02
240.71	6.1580E-02
241.18	5.6409E-02
241.65	9.2682E-03
242.12	5.9359E-02
242.59	1.1711E-01
243.06	4.4206E-02
243.53	1.7397E-02
244.00	4.3058E-02
244.47	4.2428E-02
244.94	5.0270E-02
245.41	8.7179E-02
245.88	4.5024E-02
246.35	3.2180E-02
246.82	1.3184E-01
247.29	4.7351E-02
247.75	4.6765E-02
248.22	6.1684E-02
248.69	4.9807E-02
249.16	3.0199E-02
249.63	2.6194E-02
250.10	7.7784E-02
250.57	2.1957E-02
251.04	1.8024E-02
251.51	3.9456E-02
251.98	6.3521E-02
252.45	3.8601E-02
252.91	1.3905E-02
253.38	3.1288E-02
253.85	8.6283E-02
254.32	9.6452E-02
254.79	5.4712E-02
255.26	8.5135E-02
255.73	6.0610E-02
256.20	4.0047E-02
256.66	4.6400E-02
257.13	7.2550E-02
257.60	3.6202E-02
258.07	3.2746E-02
258.54	7.8339E-02
259.01	1.9602E-02
259.48	8.1095E-02
259.94	6.7831E-02
260.41	5.7901E-02
260.88	6.4037E-02
261.35	4.7525E-02
261.82	9.1698E-02
262.29	6.9162E-02
262.75	3.7722E-02
263.22	2.1937E-02
263.69	5.3258E-02
264.16	6.2472E-02
264.63	5.9313E-02
265.10	5.5941E-02
265.56	9.2797E-03
266.03	3.7020E-02
266.50	6.7644E-02
266.97	9.8158E-02
267.44	6.7113E-02
267.90	3.9644E-02
268.37	5.4651E-02
268.84	6.9649E-02
269.31	9.3314E-02
269.77	2.1083E-02
270.24	6.8734E-02
270.71	7.4384E-02
271.18	4.7382E-02
271.65	4.4233E-02
272.11	1.7520E-02
272.58	5.2431E-02
273.05	8.6738E-02
273.52	5.1698E-02
273.98	3.1332E-02
274.45	0.0000E00
274.92	7.8465E-02
275.39	5.5486E-02
275.85	4.6574E-02
276.32	7.0438E-02
276.79	3.7480E-02
277.26	5.5970E-02
277.72	2.6357E-02
278.19	6.0139E-02
278.66	4.9240E-02
279.13	4.1005E-02
279.59	6.0600E-02
280.06	3.5250E-02
280.53	2.4986E-02
280.99	3.2192E-02
281.46	5.3834E-02
281.93	-7.2481E-03
282.40	3.3308E-02
282.86	5.6478E-02
283.33	0.0000E00
283.80	5.5405E-02
284.26	2.3028E-02
284.73	6.6055E-02
285.20	1.1200E-02
285.66	4.4270E-02
286.13	1.3190E-02
286.60	2.1634E-02
287.06	3.4215E-02
287.53	2.3362E-02
288.00	2.1057E-02
288.46	2.4791E-02
288.93	4.4838E-02
289.40	3.8323E-02
289.86	4.7850E-02
290.33	5.5238E-02
290.80	5.3114E-02
291.26	5.6569E-02
291.73	9.6428E-03
292.20	2.4895E-02
292.66	1.3258E-02
293.13	1.3148E-02
293.60	3.9025E-02
294.06	4.6232E-02
294.53	-3.6555E-03
294.99	4.1710E-02
295.46	2.3330E-02
295.93	4.8153E-02
296.39	3.0164E-02
296.86	7.0472E-03
297.33	3.5036E-02
297.79	0.0000E00
298.26	4.1652E-02
298.72	2.9309E-02
299.19	1.5417E-02
299.66	2.0456E-02
300.12	2.8795E-02
300.59	6.7333E-03
301.05	1.8453E-02
301.52	2.5230E-02
301.98	2.6754E-02
302.45	4.8389E-02
302.92	4.4895E-02
303.38	2.9703E-02
303.85	2.6157E-02
304.31	2.6026E-02
304.78	1.4531E-02
305.24	8.0424E-03
305.71	2.2426E-02
306.18	2.3971E-02
306.64	2.3822E-02
307.11	1.7475E-02
307.57	4.1060E-02
308.04	1.5787E-02
308.50	1.5674E-02
308.97	2.6544E-02
309.43	3.1040E-02
309.90	6.5200E-02
310.36	3.3906E-02
310.83	4.1611E-02
311.29	2.9457E-02
311.76	2.0145E-02
312.23	4.6407E-03
312.69	1.6971E-02
313.16	7.7170E-03
313.62	1.0740E-02
314.09	1.3718E-02
314.55	1.5151E-02
315.02	1.5152E-02
315.48	1.6549E-02
315.95	2.3968E-02
316.41	4.7752E-02
316.88	1.4897E-02
317.34	2.9736E-03
317.81	3.2529E-02
318.27	8.8515E-03
318.73	2.0664E-02
319.20	8.7810E-03
319.66	-1.4555E-03
320.13	2.0310E-02
320.59	2.0236E-02
321.06	3.3044E-02
321.52	2.8839E-03
321.99	4.3004E-02
322.45	1.4338E-03
322.92	1.5748E-02
323.38	1.8550E-02
323.85	5.6763E-03
324.31	9.9056E-03
324.77	7.0688E-03
325.24	2.6817E-02
325.70	1.9703E-02
326.17	2.3918E-02
326.63	7.0050E-03
327.10	2.0951E-02
327.56	1.9419E-02
328.02	1.1061E-02
328.49	3.7092E-02
328.95	2.0638E-02
329.42	3.0047E-02
329.88	2.0531E-02
330.34	1.2272E-02
330.81	6.8067E-03
331.27	1.4891E-02
331.74	2.9864E-02
332.20	3.3771E-02
332.66	2.6978E-03
333.13	9.4171E-03
333.59	2.1490E-02
334.06	9.3509E-03
334.52	2.1317E-02
334.98	7.9694E-03
335.45	2.5272E-02
335.91	1.7278E-02
336.37	3.4452E-02
336.84	1.1858E-02
337.30	0.0000E00
337.76	2.3657E-02
338.23	3.9341E-02
338.69	2.3629E-02
339.16	2.2309E-02
339.62	1.4423E-02
340.08	2.0975E-02
340.55	1.4447E-02
341.01	-6.5788E-03
341.47	1.0584E-02
341.94	5.3011E-03
342.40	1.1934E-02
342.86	1.3283E-02
343.33	1.4627E-02
343.79	3.1902E-02
344.25	2.2549E-02
344.71	2.3811E-02
345.18	1.4545E-02
345.64	5.2593E-03
346.10	2.0896E-02
346.57	1.8274E-02
347.03	1.9652E-02
347.49	1.3148E-02
347.96	6.5880E-03
348.42	1.7285E-02
348.88	1.8721E-02
349.34	1.3330E-02
349.81	3.3107E-02
350.27	5.2818E-03
350.73	9.1300E-03
351.20	2.5640E-03
351.66	6.3313E-03
352.12	3.6120E-02
352.58	2.6912E-02
353.05	3.2506E-02
353.51	3.1045E-02
353.97	1.3726E-02
354.43	6.3512E-03
354.90	5.9296E-03
355.36	0.0000E00
355.82	6.3916E-03
356.28	1.1785E-02
356.75	-2.0340E-03
357.21	6.9191E-03
357.67	1.0378E-02
358.13	1.1923E-02
358.60	8.0348E-03
359.06	1.3454E-02
359.52	1.0365E-02
359.98	9.3545E-03
360.44	2.1562E-02
360.91	3.4351E-02
361.37	6.8696E-03
361.83	1.0784E-02
362.29	1.4381E-02
362.75	1.0161E-02
363.22	4.4347E-03
363.68	1.1167E-02
364.14	-1.0665E-02
364.60	2.2104E-02
365.06	1.1905E-02
365.53	4.6529E-03
365.99	1.3278E-02
366.45	6.8131E-03
366.91	2.5044E-02
367.37	2.3400E-02
367.83	2.8303E-02
368.30	1.1007E-02
368.76	2.6715E-02
369.22	-3.5139E-03
369.68	-4.3370E-03
370.14	2.2291E-02
370.60	2.4671E-02
371.07	2.9703E-02
371.53	4.3213E-03
371.99	4.2951E-03
372.45	3.7336E-02
372.91	2.3541E-02
373.37	1.8556E-02
373.83	3.1742E-02
374.30	1.8099E-02
374.76	1.0250E-02
375.22	-3.2737E-03
375.68	-3.3004E-03
376.14	1.2145E-02
376.60	1.1225E-02
377.06	5.4224E-03
377.52	1.5399E-02
377.98	2.3407E-02
378.45	2.1562E-02
378.91	4.6860E-02
379.37	4.3374E-03
379.83	2.1468E-02
380.29	-5.4737E-03
380.75	9.6381E-03
381.21	1.0772E-02
381.67	3.1813E-02
382.13	0.0000E00
382.59	2.6028E-02
383.05	1.3039E-02
383.51	2.0519E-02
383.98	1.4820E-02
384.44	1.8957E-02
384.90	2.9070E-02
385.36	1.3528E-02
385.82	1.9419E-02
386.28	2.0821E-02
386.74	4.1439E-03
387.20	1.6714E-02
387.66	2.7277E-02
388.12	2.2379E-02
388.58	2.1199E-03
389.04	1.0432E-03
389.50	1.7113E-02
389.96	2.1561E-02
390.42	7.1432E-03
390.88	4.2100E-03
391.34	1.9558E-02
391.80	-2.0752E-03
392.26	-2.0333E-03
392.72	1.3116E-02
393.18	8.9110E-03
393.64	1.9637E-03
394.10	1.2737E-02
394.56	-1.0715E-02
395.02	1.9554E-03
395.48	1.0722E-02
395.94	9.6742E-03
396.40	2.3931E-02
396.86	2.0981E-02
397.32	2.0226E-02
397.78	1.3561E-02
398.24	2.0237E-02
398.70	3.8341E-03
399.16	-5.7579E-03
399.62	1.3427E-02
400.08	-2.8941E-03
400.54	0.0000E00
401.00	1.1196E-02
401.46	9.2276E-03
401.92	1.8648E-03
402.38	6.5436E-03
402.84	1.2051E-02
403.30	1.3879E-02
403.76	1.0139E-02
404.22	1.3813E-02
404.68	2.7527E-02
405.14	1.8442E-02
405.59	1.0156E-02
406.05	1.1023E-02
406.51	1.1873E-02
406.97	9.0031E-04
407.43	7.1984E-03
407.89	1.6974E-02
408.35	1.9772E-02
408.81	1.6884E-02
409.27	1.5951E-02
409.73	7.8749E-03
410.19	1.5863E-02
410.65	2.1888E-02
411.10	1.7608E-02
411.56	8.7225E-04
412.02	4.4158E-03
412.48	6.9777E-03
412.94	2.0960E-02
413.40	2.1319E-02
413.86	2.5856E-03
414.32	1.5300E-02
414.78	1.4487E-02
415.23	9.3396E-03
415.69	9.3994E-03
416.15	2.0555E-02
416.61	1.1008E-02
417.07	1.3436E-02
417.53	1.9253E-02
417.99	1.7601E-02
418.44	5.8517E-03
418.90	1.9021E-02
419.36	3.3004E-03
419.82	4.1207E-03
420.28	6.5861E-03
420.74	1.8895E-02
421.19	6.5358E-03
421.65	1.3130E-02
422.11	1.4645E-02
422.57	1.0561E-02
423.03	8.0897E-03
423.49	1.6234E-02
423.94	1.4599E-02
424.40	1.6774E-02
424.86	8.7518E-03
425.32	1.5126E-02
425.78	2.0823E-02
426.23	6.3397E-03
426.69	1.2603E-02
427.15	2.2027E-02
427.61	8.6519E-03
428.07	1.4135E-02
428.52	1.6389E-02
428.98	7.0264E-03
429.44	2.3237E-02
429.90	2.2451E-02
430.36	2.3226E-03
430.81	1.0834E-02
431.27	8.4906E-03
431.73	6.9314E-03
432.19	1.0046E-02
432.64	2.3166E-03
433.10	2.2331E-02
433.56	3.8262E-03
434.02	9.2080E-03
434.47	1.6869E-02
434.93	1.0024E-02
435.39	1.3782E-02
435.85	1.3704E-02
436.30	1.2743E-02
436.76	5.2251E-03
437.22	1.3451E-02
437.68	1.0518E-02
438.13	1.0462E-02
438.59	1.1128E-02
439.05	1.2548E-02
439.51	1.6984E-02
439.96	1.5479E-02
440.42	1.4690E-02
440.88	6.6009E-03
441.33	1.5342E-02
441.79	1.3951E-02
442.25	1.9051E-02
442.70	-1.4736E-03
443.16	7.3310E-03
443.62	1.4569E-02
444.08	1.1591E-02
444.53	1.4417E-02
444.99	2.0920E-02
445.45	-1.4386E-03
445.90	1.9396E-02
446.36	1.6512E-02
446.82	2.0815E-02
447.27	2.2862E-02
447.73	8.5907E-03
448.19	5.6825E-03
448.64	1.9224E-02
449.10	1.4169E-02
449.56	1.1442E-02
450.01	1.0624E-02
450.47	6.3441E-03
450.93	1.0474E-02
451.38	2.1664E-02
451.84	1.8125E-02
452.30	1.7376E-02
452.75	1.2523E-02
453.21	7.6490E-03
453.66	2.0173E-02
454.12	2.6976E-02
454.58	1.9361E-02
455.03	2.4848E-02
455.49	2.0048E-02
455.95	2.8244E-02
456.40	2.8093E-02
456.86	2.3231E-02
457.31	3.5599E-02
457.77	2.6003E-02
458.23	2.5319E-02
458.68	3.8114E-02
459.14	2.9183E-02
459.59	2.3729E-02
460.05	2.1699E-02
460.51	4.5483E-02
460.96	3.7855E-02
461.42	3.9118E-02
461.87	4.0490E-02
462.33	4.1214E-02
462.78	4.2967E-02
463.24	4.0015E-02
463.70	4.3775E-02
464.15	5.0484E-02
464.61	4.8597E-02
465.06	6.9313E-02
465.52	5.9188E-02
465.97	6.4682E-02
466.43	6.2570E-02
466.88	6.9474E-02
467.34	6.3534E-02
467.80	7.2003E-02
468.25	6.1058E-02
468.71	8.0732E-02
469.16	9.3526E-02
469.62	8.4252E-02
470.07	8.9673E-02
470.53	1.0402E-01
470.98	1.0323E-01
471.44	1.1504E-01
471.89	1.1643E-01
472.35	1.1999E-01
472.80	1.3269E-01
473.26	1.3470E-01
473.71	1.5906E-01
474.17	1.5327E-01
474.62	1.4560E-01
475.08	1.7120E-01
475.53	1.7411E-01
475.99	1.9566E-01
476.44	1.9354E-01
476.90	2.1857E-01
477.35	2.1104E-01
477.81	2.1886E-01
478.26	2.2888E-01
478.72	2.4490E-01
479.17	2.5965E-01
479.63	2.8046E-01
480.08	3.0414E-01
480.54	3.1175E-01
480.99	3.3518E-01
481.45	3.4079E-01
481.90	3.4296E-01
482.35	3.6961E-01
482.81	4.0893E-01
483.26	4.0331E-01
483.72	4.4504E-01
484.17	4.6610E-01
484.63	4.7678E-01
485.08	5.0910E-01
485.54	5.0773E-01
485.99	5.4031E-01
486.44	5.7602E-01
486.90	6.0696E-01
487.35	6.0564E-01
487.81	6.4523E-01
488.26	6.9782E-01
488.71	7.2156E-01
489.17	7.4976E-01
489.62	8.0344E-01
490.08	8.3008E-01
490.53	8.4663E-01
490.98	8.8343E-01
491.44	9.5898E-01
491.89	1.0339E00
492.35	1.0245E00
492.80	1.0740E00
493.25	1.1459E00
493.71	1.1865E00
494.16	1.2402E00
494.62	1.2814E00
495.07	1.3436E00
495.52	1.3898E00
495.98	1.4336E00
496.43	1.5015E00
496.88	1.6122E00
497.34	1.7040E00
497.79	1.7574E00
498.24	1.7977E00
498.70	1.8910E00
499.15	1.9699E00
499.61	2.0669E00
500.06	2.1758E00
500.51	2.2626E00
500.97	2.3432E00
501.42	2.4694E00
501.87	2.5528E00
502.33	2.6018E00
502.78	2.7805E00
503.23	2.8404E00
503.68	2.9718E00
504.14	3.1184E00
504.59	3.2522E00
505.04	3.3587E00
505.50	3.5084E00
505.95	3.6329E00
506.40	3.7819E00
506.86	4.0008E00
507.31	4.2093E00
507.76	4.3407E00
508.22	4.5035E00
508.67	4.7033E00
509.12	4.8705E00
509.57	5.0424E00
510.03	5.2468E00
510.48	5.3909E00
510.93	5.6585E00
511.38	5.8833E00
511.84	6.1344E00
512.29	6.2968E00
512.74	6.4940E00
513.20	6.6779E00
513.65	6.9102E00
514.10	7.1980E00
514.55	7.4763E00
515.01	7.6941E00
515.46	7.9211E00
515.91	8.2138E00
516.36	8.4113E00
516.82	8.5973E00
517.27	8.8916E00
517.72	9.0667E00
518.17	9.3658E00
518.62	9.6237E00
519.08	9.8838E00
519.53	1.0104E01
519.98	1.0209E01
520.43	1.0461E01
520.89	1.0541E01
521.34	1.0855E01
521.79	1.1098E01
522.24	1.1106E01
522.69	1.1282E01
523.15	1.1474E01
523.60	1.1520E01
524.05	1.1626E01
524.50	1.1652E01
524.95	1.1729E01
525.40	1.1960E01
525.86	1.1908E01
526.31	1.1936E01
526.76	1.1931E01
527.21	1.1860E01
527.66	1.1877E01
528.12	1.1801E01
528.57	1.1690E01
529.02	1.1621E01
529.47	1.1478E01
529.92	1.1385E01
530.37	1.1356E01
530.82	1.1237E01
531.28	1.1116E01
531.73	1.0961E01
532.18	1.0853E01
532.63	1.0636E01
533.08	1.0384E01
533.53	1.0236E01
533.98	9.9775E00
534.44	9.8601E00
534.89	9.6478E00
535.34	9.4643E00
535.79	9.2923E00
536.24	9.1422E00
536.69	8.9169E00
537.14	8.6683E00
537.59	8.4632E00
538.04	8.2760E00
538.50	8.0868E00
538.95	7.8938E00
539.40	7.8120E00
539.85	7.6145E00
540.30	7.4208E00
540.75	7.3004E00
541.20	7.1581E00
541.65	6.9903E00
542.10	6.7777E00
542.55	6.7133E00
543.00	6.4867E00
543.45	6.3497E00
543.91	6.2245E00
544.36	6.0092E00
544.81	5.8985E00
545.26	5.8093E00
545.71	5.6937E00
546.16	5.5455E00
546.61	5.4268E00
547.06	5.2521E00
547.51	5.0790E00
547.96	4.9790E00
548.41	4.8337E00
548.86	4.7739E00
549.31	4.7098E00
549.76	4.5526E00
550.21	4.4194E00
550.66	4.3204E00
551.11	4.1603E00
551.56	4.0690E00
552.01	3.9771E00
552.46	3.8549E00
552.91	3.7870E00
553.36	3.6440E00
553.81	3.5921E00
554.26	3.4565E00
554.71	3.3605E00
555.16	3.2319E00
555.61	3.0705E00
556.06	3.0583E00
556.51	2.9181E00
556.96	2.8964E00
557.41	2.8079E00
557.86	2.7191E00
558.31	2.6447E00
558.76	2.5324E00
559.21	2.5015E00
559.66	2.3629E00
560.11	2.3374E00
560.56	2.2465E00
561.01	2.2086E00
561.46	2.1041E00
561.91	2.0468E00
562.36	1.9815E00
562.81	1.9615E00
563.26	1.8575E00
563.71	1.8426E00
564.16	1.8134E00
564.61	1.7498E00
565.06	1.6643E00
565.51	1.6341E00
565.95	1.5872E00
566.40	1.5158E00
566.85	1.4776E00
567.30	1.4425E00
567.75	1.4123E00
568.20	1.3479E00
568.65	1.3460E00
569.10	1.2891E00
569.55	1.2573E00
570.00	1.2212E00
570.45	1.2026E00
570.89	1.1359E00
571.34	1.1278E00
571.79	1.0822E00
572.24	1.0308E00
572.69	1.0017E00
573.14	1.0101E00
573.59	9.6477E-01
574.04	9.4174E-01
574.49	9.0377E-01
574.93	8.8186E-01
575.38	8.4507E-01
575.83	8.2770E-01
576.28	7.9292E-01
576.73	7.9264E-01
577.18	7.4324E-01
577.63	7.3619E-01
578.07	7.0254E-01
578.52	7.0536E-01
578.97	6.7001E-01
579.42	6.4967E-01
579.87	6.5045E-01
580.32	6.0596E-01
580.77	5.8257E-01
581.21	5.6351E-01
581.66	5.4706E-01
582.11	5.5304E-01
582.56	5.2629E-01
583.01	5.0345E-01
583.46	5.0035E-01
583.90	4.8669E-01
584.35	4.7573E-01
584.80	4.4588E-01
585.25	4.2228E-01
585.70	4.0352E-01
586.14	4.1059E-01
586.59	4.0610E-01
587.04	3.8196E-01
587.49	3.8356E-01
587.94	3.6877E-01
588.38	3.7121E-01
588.83	3.4569E-01
589.28	3.2459E-01
589.73	3.1155E-01
590.18	3.1329E-01
590.62	3.0831E-01
591.07	2.9819E-01
591.52	2.7242E-01
591.97	2.7237E-01
592.41	2.7294E-01
592.86	2.7345E-01
593.31	2.5953E-01
593.76	2.5722E-01
594.20	2.3680E-01
594.65	2.3599E-01
595.10	2.3034E-01
595.55	2.2347E-01
595.99	2.1806E-01
596.44	2.0674E-01
596.89	1.9872E-01
597.34	1.9172E-01
597.78	1.8469E-01
598.23	1.9027E-01
598.68	1.8537E-01
599.13	1.8276E-01
599.57	1.7406E-01
600.02	1.6698E-01
600.47	1.6659E-01
600.91	1.4913E-01
601.36	1.5730E-01
601.81	1.5253E-01
602.26	1.4294E-01
602.70	1.4147E-01
603.15	1.4193E-01
603.60	1.3938E-01
604.04	1.2441E-01
604.49	1.2718E-01
604.94	1.1982E-01
605.38	1.1155E-01
605.83	1.2593E-01
606.28	1.0428E-01
606.72	1.0304E-01
607.17	1.0693E-01
607.62	1.1620E-01
608.06	9.9340E-02
608.51	9.8419E-02
608.96	1.0194E-01
609.40	9.3550E-02
609.85	9.1534E-02
610.30	9.4540E-02
610.74	8.7505E-02
611.19	9.4441E-02
611.64	8.5407E-02
612.08	8.5880E-02
612.53	7.0443E-02
612.98	7.8782E-02
613.42	7.2400E-02
613.87	7.5919E-02
614.31	7.2962E-02
614.76	6.7370E-02
615.21	6.4767E-02
615.65	7.2544E-02
616.10	5.1483E-02
616.55	5.4941E-02
616.99	6.0845E-02
617.44	6.0383E-02
617.88	6.0382E-02
618.33	5.8909E-02
618.78	6.1394E-02
619.22	4.3705E-02
619.67	4.9084E-02
620.11	4.9493E-02
620.56	5.0961E-02
621.01	4.9998E-02
621.45	5.0061E-02
621.90	4.4694E-02
622.34	4.7182E-02
622.79	4.1791E-02
623.23	4.7683E-02
623.68	4.2734E-02
624.13	4.4694E-02
624.57	4.2796E-02
625.02	4.1871E-02
625.46	4.0866E-02
625.91	3.7848E-02
626.35	4.0718E-02
626.80	3.0885E-02
627.24	3.5289E-02
627.69	3.1400E-02
628.14	3.6810E-02
628.58	3.3855E-02
629.03	2.7928E-02
629.47	3.3753E-02
629.92	3.3716E-02
630.36	3.9078E-02
630.81	2.4403E-02
631.25	3.4146E-02
631.70	2.8277E-02
632.14	3.2637E-02
632.59	2.6291E-02
633.03	2.4811E-02
633.48	2.4853E-02
633.92	2.6325E-02
634.37	2.0943E-02
634.81	1.8015E-02
635.26	2.7248E-02
635.70	1.5575E-02
636.15	2.4310E-02
636.59	1.7025E-02
637.04	2.9146E-02
637.48	1.9926E-02
637.93	2.7183E-02
638.37	3.0626E-02
638.82	2.2361E-02
639.26	2.2857E-02
639.71	1.5562E-02
640.15	2.0419E-02
640.60	1.7497E-02
641.04	2.0898E-02
641.49	1.9927E-02
641.93	2.5752E-02
642.37	1.2138E-02
642.82	1.5534E-02
643.26	2.4265E-02
643.71	1.6513E-02
644.15	1.9910E-02
644.60	1.5575E-02
645.04	1.4610E-02
645.49	1.9965E-02
645.93	1.2641E-02
646.37	1.6028E-02
646.82	1.7503E-02
647.26	1.8484E-02
647.71	1.5585E-02
648.15	1.7047E-02
648.60	1.2180E-02
649.04	6.3359E-03
649.48	1.9989E-02
649.93	7.3171E-03
650.37	1.8534E-02
650.82	1.7064E-02
651.26	1.5583E-02
651.70	1.2179E-02
652.15	2.1935E-02
652.59	1.3168E-02
653.04	1.2186E-02
653.48	1.4640E-02
653.92	1.8586E-02
654.37	1.1259E-02
654.81	1.5167E-02
655.25	1.4176E-02
655.70	1.1712E-02
656.14	1.7561E-02
656.59	1.3654E-02
657.03	1.3686E-02
657.47	9.2915E-03
657.92	1.4673E-02
658.36	8.8006E-03
658.80	6.8426E-03
659.25	9.2900E-03
659.69	1.0751E-02
660.13	8.3123E-03
660.58	1.0768E-02
661.02	1.2251E-02
661.46	1.0301E-02
661.91	7.3499E-03
662.35	9.3117E-03
662.79	1.1265E-02
663.24	1.0777E-02
663.68	1.9600E-03
664.12	8.3337E-03
664.57	7.3521E-03
665.01	6.3691E-03
665.45	1.5213E-02
665.90	2.4598E-03
666.34	1.1829E-02
666.78	8.3750E-03
667.22	1.5766E-02
667.67	7.3830E-03
668.11	1.0824E-02
668.55	9.3489E-03
669.00	1.2308E-02
669.44	5.4163E-03
669.88	1.1823E-02
670.33	1.0844E-02
670.77	1.3334E-02
671.21	1.2840E-02
671.65	4.4430E-03
672.10	3.9466E-03
672.54	6.9110E-03
672.98	5.4396E-03
673.42	7.4260E-03
673.87	9.9200E-03
674.31	1.4880E-03
674.75	7.9428E-03
675.19	1.4885E-02
675.64	9.9284E-03
676.08	1.3898E-02
676.52	8.4319E-03
676.96	1.3404E-02
677.41	1.3905E-02
677.85	9.9452E-03
678.29	1.1945E-02
678.73	1.0466E-02
679.18	1.3473E-02
679.62	6.4944E-03
680.06	3.5001E-03
680.50	8.9862E-03
680.94	9.9663E-04
681.39	7.9619E-03
681.83	1.6953E-02
682.27	1.0491E-02
682.71	6.5201E-03
683.15	6.5239E-03
683.60	8.0406E-03
684.04	2.5091E-03
684.48	1.1035E-02
684.92	5.5109E-03
685.36	1.1020E-02
685.81	7.5180E-03
686.25	4.0153E-03
686.69	9.0476E-03
687.13	6.5447E-03
687.57	7.0532E-03
688.01	6.5445E-03
688.46	1.1074E-02
688.90	4.5329E-03
689.34	7.5664E-03
689.78	1.6149E-02
690.22	3.5327E-03
690.66	1.4128E-02
691.11	1.1106E-02
691.55	9.0893E-03
691.99	1.0606E-02
692.43	5.0482E-03
692.87	1.5158E-02
693.31	4.5472E-03
693.75	9.5952E-03
694.20	6.5558E-03
694.64	2.5214E-03
695.08	1.2639E-02
695.52	6.0798E-03
695.96	8.1250E-03
696.40	1.0661E-02
696.84	4.0647E-03
697.28	1.3207E-02
697.73	9.6672E-03
698.17	1.2210E-02
698.61	8.1472E-03
699.05	5.5929E-03
699.49	4.5782E-03
699.93	8.1337E-03
700.37	-1.0195E-03
700.81	8.1657E-03
701.25	7.6698E-03
701.69	4.0926E-03
702.13	1.1250E-02
702.58	4.0881E-03
703.02	2.0428E-03
703.46	7.6578E-03
703.90	1.2268E-02
704.34	8.1800E-03
704.78	1.3327E-02
705.22	7.7068E-03
705.66	9.2704E-03
706.10	-5.1560E-04
706.54	1.4407E-02
706.98	8.2248E-03
707.42	1.0268E-02
707.86	3.0873E-03
708.30	1.5464E-03
708.74	1.0849E-02
709.18	1.2410E-02
709.62	1.5532E-03
710.06	7.7763E-03
710.51	9.3585E-03
710.95	1.0938E-02
711.39	1.3024E-02
711.83	6.7575E-03
712.27	9.8590E-03
712.71	6.7451E-03
713.15	1.0394E-03
713.59	4.6805E-03
714.03	2.6053E-03
714.47	5.2213E-04
714.91	9.9441E-03
715.35	1.6786E-02
715.79	3.6791E-03
716.23	1.1593E-02
716.67	3.1642E-03
717.11	1.4241E-02
717.55	-1.0540E-03
717.99	7.3758E-03
718.43	2.1113E-03
718.87	6.8857E-03
719.31	1.4888E-02
719.75	3.2031E-03
720.18	1.4435E-02
720.62	1.2872E-02
721.06	0.0000E00
721.50	3.2338E-03
721.94	7.0027E-03
722.38	1.4020E-02
722.82	8.0745E-03
723.26	8.6169E-03
723.70	-2.6898E-03
724.14	-2.1541E-03
724.58	2.6980E-03
725.02	1.0289E-02
725.46	2.1732E-03
725.90	4.9015E-03
726.34	1.2549E-02
726.78	8.7280E-03
727.22	3.8148E-03
727.66	7.6207E-03
728.09	5.4408E-03
728.53	9.2350E-03
728.97	5.9703E-03
729.41	-5.4315E-03
729.85	2.7260E-03
730.29	1.4237E-02
730.73	1.2070E-02
731.17	9.3438E-03
731.61	3.8519E-03
732.05	2.7570E-03
732.49	4.4132E-03
732.92	8.2786E-03
733.36	7.7153E-03
733.80	1.4847E-02
734.24	9.3349E-03
734.68	4.3975E-03
735.12	9.9306E-03
735.56	1.4395E-02
736.00	1.4466E-02
736.43	8.3814E-03
736.87	2.8011E-03
737.31	0.0000E00
737.75	6.7221E-03
738.19	1.5656E-02
738.63	1.5627E-02
739.07	-1.1163E-03
739.50	1.6771E-03
739.94	9.5123E-03
740.38	1.6829E-02
740.82	1.4059E-02
741.26	9.5949E-03
741.70	1.5271E-02
742.14	9.0554E-03
742.57	1.3016E-02
743.01	1.4702E-02
743.45	-2.2633E-03
743.89	1.4123E-02
744.33	5.6459E-03
744.76	1.0146E-02
745.20	4.5127E-03
745.64	7.9009E-03
746.08	5.6567E-03
746.52	5.6755E-03
746.96	3.4210E-03
747.39	1.2019E-02
747.83	6.8802E-03
748.27	4.5854E-03
748.71	7.4506E-03
749.15	9.1595E-03
749.58	1.1440E-02
750.02	1.0278E-02
750.46	6.2874E-03
750.90	1.4311E-02
751.33	8.0319E-03
751.77	1.3222E-02
752.21	-1.7293E-03
752.65	1.3873E-02
753.09	8.1064E-03
753.52	6.9521E-03
753.96	9.2575E-03
754.40	1.1565E-02
754.84	1.1556E-02
755.27	-4.0466E-03
755.71	9.8165E-03
756.15	6.9291E-03
756.59	1.5584E-02
757.02	1.3292E-02
757.46	8.6688E-03
757.90	7.5218E-03
758.33	1.0431E-02
758.77	2.3273E-03
759.21	7.5853E-03
759.65	8.1879E-03
760.08	5.8494E-03
760.52	8.1859E-03
760.96	1.5776E-02
761.40	4.0845E-03
761.83	1.0497E-02
762.27	1.1654E-02
762.71	1.2247E-02
763.14	2.9247E-03
763.58	9.3858E-03
764.02	1.1183E-02
764.45	1.2957E-02
764.89	1.2980E-02
765.33	1.2399E-02
765.77	0.0000E00
766.20	7.6963E-03
766.64	1.0669E-02
767.08	5.9248E-03
767.51	8.2997E-03
767.95	1.0661E-02
768.39	3.5536E-03
768.82	6.5204E-03
769.26	1.0107E-02
769.70	2.9856E-03
770.13	1.5610E-02
770.57	9.6368E-03
771.01	7.2445E-03
771.44	1.0867E-02
771.88	7.8650E-03
772.32	6.6568E-03
772.75	5.4512E-03
773.19	1.6350E-02
773.62	-6.0561E-04
774.06	7.8646E-03
774.50	1.2096E-02
774.93	1.9971E-02
775.37	1.1539E-02
775.81	9.7469E-03
776.24	3.6692E-03
776.68	1.4715E-02
777.11	9.8456E-03
777.55	1.2327E-02
777.99	1.2353E-02
778.42	6.7978E-03
778.86	1.4869E-02
779.30	8.6879E-03
779.73	1.5541E-02
780.17	3.1090E-03
780.60	4.3549E-03
781.04	1.7410E-02
781.47	1.3058E-02
781.91	9.9563E-03
782.35	9.9802E-03
782.78	1.0011E-02
783.22	5.6467E-03
783.65	5.0465E-03
784.09	1.5809E-02
784.53	2.3479E-02
784.96	3.8129E-03
785.40	5.7280E-03
785.83	9.5455E-03
786.27	3.8067E-03
786.70	1.4588E-02
787.14	2.0932E-02
787.57	8.2715E-03
788.01	4.4599E-03
788.45	4.4683E-03
788.88	6.3869E-03
789.32	1.1528E-02
789.75	5.1391E-03
790.19	1.5502E-02
790.62	1.1674E-02
791.06	1.7592E-02
791.49	7.1764E-03
791.93	7.8377E-03
792.36	6.5234E-04
792.80	8.4809E-03
793.23	2.1529E-02
793.67	1.2389E-02
794.10	7.1635E-03
794.54	9.1142E-03
794.97	3.9109E-03
795.41	8.5023E-03
795.84	7.8717E-03
796.28	1.2519E-02
796.71	1.5199E-02
797.15	1.0608E-02
797.58	1.4626E-02
798.02	1.2006E-02
798.45	1.3385E-02
798.89	1.6747E-02
799.32	1.0051E-02
799.76	7.3673E-03
800.19	9.3793E-03
800.63	1.2733E-02
801.06	-2.0109E-03
801.50	2.2122E-02
801.93	-2.6823E-03
802.37	1.7452E-02
802.80	2.0209E-03
803.24	1.0816E-02
803.67	5.4244E-03
804.10	2.0380E-03
804.54	1.0913E-02
804.97	1.3704E-02
805.41	8.9344E-03
805.84	4.1368E-03
806.28	1.8644E-02
806.71	2.0776E-03
807.15	1.3176E-02
807.58	-6.9349E-04
808.01	1.3871E-02
808.45	7.6200E-03
808.88	-3.4670E-03
809.32	1.1806E-02
809.75	1.1823E-02
810.18	1.5336E-02
810.62	4.8915E-03
811.05	1.3318E-02
811.49	1.4061E-02
811.92	7.0555E-04
812.36	2.8324E-03
812.79	2.8429E-03
813.22	7.1149E-03
813.66	1.6373E-02
814.09	7.1175E-04
814.52	2.2062E-02
814.96	1.2111E-02
815.39	3.5684E-03
815.83	1.0733E-02
816.26	1.3612E-02
816.69	7.8909E-03
817.13	9.3433E-03
817.56	1.0089E-02
817.99	1.4448E-02
818.43	4.3471E-03
818.86	1.2344E-02
819.30	8.0079E-03
819.73	7.2885E-03
820.16	1.0242E-02
820.60	4.4025E-03
821.03	9.5775E-03
821.46	9.5942E-03
821.90	1.1093E-02
822.33	5.9109E-03
822.76	1.4786E-03
823.20	8.1285E-03
823.63	1.0355E-02
824.06	8.1469E-03
824.50	1.9282E-02
824.93	1.1156E-02
825.36	6.7007E-03
825.80	9.7027E-03
826.23	2.9897E-03
826.66	4.4925E-03
827.09	1.4270E-02
827.53	1.1299E-02
827.96	1.0593E-02
828.39	1.5180E-02
828.83	1.2934E-02
829.26	1.5977E-02
829.69	1.7493E-02
830.13	9.1417E-03
830.56	5.3374E-03
830.99	1.0683E-02
831.42	1.0676E-02
831.86	3.8165E-03
832.29	9.1690E-03
832.72	1.2236E-02
833.16	1.3007E-02
833.59	2.2955E-02
834.02	3.0631E-03
834.45	1.9194E-02
834.89	9.2417E-03
835.32	1.0045E-02
835.75	1.0848E-02
836.18	1.7096E-02
836.62	3.1132E-03
837.05	3.1204E-03
837.48	1.7191E-02
837.91	-2.3488E-03
838.35	0.0000E00
838.78	3.9211E-03
839.21	1.1782E-02
839.64	1.4119E-02
840.07	3.9187E-03
840.51	1.6422E-02
840.94	1.5675E-02
841.37	1.2540E-02
841.80	7.0570E-03
842.24	1.4897E-02
842.67	1.3368E-02
843.10	1.5811E-03
843.53	0.0000E00
843.96	3.9921E-03
844.40	4.8005E-03
844.83	4.8019E-03
845.26	1.0406E-02
845.69	7.1998E-03
846.12	1.1198E-02
846.56	1.0381E-02
846.99	2.0782E-02
847.42	1.1980E-02
847.85	1.3603E-02
848.28	8.8032E-03
848.71	9.6174E-03
849.15	2.1618E-02
849.58	1.9200E-02
850.01	8.0051E-03
850.44	8.8211E-03
850.87	7.2417E-03
851.30	6.4666E-03
851.74	6.5061E-03
852.17	1.3905E-02
852.60	2.0507E-02
853.03	1.1517E-02
853.46	1.6468E-03
853.89	8.2362E-03
854.32	1.3143E-02
854.76	9.0226E-03
855.19	4.0959E-03
855.62	1.3934E-02
856.05	1.3926E-02
856.48	1.1473E-02
856.91	1.2297E-02
857.34	2.2110E-02
857.77	1.5558E-02
858.21	4.0923E-03
858.64	1.0658E-02
859.07	2.2165E-02
859.50	2.1427E-02
859.93	1.1583E-02
860.36	1.1627E-02
860.79	1.0840E-02
861.22	1.5908E-02
861.65	7.5484E-03
862.09	-2.5182E-03
862.52	1.1749E-02
862.95	4.2005E-03
863.38	1.2610E-02
863.81	1.0930E-02
864.24	1.0087E-02
864.67	1.5956E-02
865.10	-1.6804E-03
865.53	1.5151E-02
865.96	5.0543E-03
866.39	1.5177E-02
866.82	1.8570E-02
867.25	6.7579E-03
867.68	9.3067E-03
868.12	1.0163E-02
868.55	8.4991E-04
868.98	-2.5618E-03
869.41	6.8680E-03
869.84	5.1765E-03
870.27	3.4676E-03
870.70	5.2253E-03
871.13	1.6590E-02
871.56	1.4859E-02
871.99	9.6230E-03
872.42	2.6268E-03
872.85	1.3151E-02
873.28	9.6523E-03
873.71	2.6351E-03
874.14	-3.5156E-03
874.57	8.7995E-04
875.00	8.8212E-04
875.43	2.1191E-02
875.86	7.0660E-03
876.29	1.5906E-02
876.72	7.0780E-03
877.15	1.3287E-02
877.58	1.1523E-02
878.01	0.0000E00
878.44	7.1226E-03
878.87	-8.9337E-04
879.30	1.9723E-02
879.73	1.8898E-02
880.16	1.0835E-02
880.59	1.5397E-02
881.02	9.0935E-04
881.45	1.3656E-02
881.88	1.0015E-02
882.31	-2.7298E-03
882.74	6.3735E-03
883.17	1.7292E-02
883.60	1.5438E-02
884.03	8.1636E-03
884.46	9.0733E-03
884.89	1.8143E-02
885.32	1.3594E-02
885.74	-9.0600E-04
886.17	2.4526E-02
886.60	1.8217E-03
887.03	9.1399E-03
887.46	1.2816E-02
887.89	9.1723E-03
888.32	1.9263E-02
888.75	-9.1659E-04
889.18	1.8344E-02
889.61	8.2718E-03
890.04	1.2006E-02
890.47	9.2597E-03
890.90	1.9537E-02
891.33	1.7714E-02
891.75	1.1231E-02
892.18	9.3710E-03
892.61	1.7835E-02
893.04	1.4098E-02
893.47	7.5234E-03
893.90	2.6343E-02
894.33	6.5983E-03
894.76	5.6666E-03
895.19	1.3243E-02
895.61	-7.5784E-03
896.04	4.7406E-03
896.47	1.4236E-02
896.90	1.4226E-02
897.33	1.3273E-02
897.76	6.6520E-03
898.19	3.8108E-03
898.62	1.1461E-02
899.04	1.3371E-02
899.47	1.9108E-02
899.90	4.7816E-03
900.33	1.0543E-02
900.76	1.8298E-02
901.19	9.6644E-03
901.62	6.7940E-03
902.04	0.0000E00
902.47	2.1548E-02
902.90	1.4763E-02
903.33	-1.9763E-03
903.76	1.0884E-02
904.19	1.0885E-02
904.61	3.9521E-03
905.04	6.8947E-03
905.47	7.8700E-03
905.90	1.3795E-02
906.33	9.8892E-04
906.76	0.0000E00
907.18	7.9678E-03
907.61	9.9963E-04
908.04	-8.0231E-03
908.47	3.2134E-02
908.90	3.0139E-03
909.32	7.0370E-03
909.75	-2.0128E-03
910.18	4.0324E-03
910.61	1.7214E-02
911.04	1.4252E-02
911.46	3.3771E-02
911.89	9.2507E-03
912.32	3.5048E-02
912.75	1.1390E-02
913.17	2.8038E-02
913.60	1.1454E-02
914.03	6.2509E-03
914.46	9.3786E-03
914.89	1.2510E-02
915.31	1.6721E-02
915.74	9.4252E-03
916.17	1.1573E-02
916.60	-5.2708E-03
917.02	6.3527E-03
917.45	1.6984E-02
917.88	1.3861E-02
918.31	-2.1383E-03
918.73	1.5013E-02
919.16	1.6113E-02
919.59	1.5071E-02
920.02	7.5449E-03
920.44	1.1880E-02
920.87	7.5777E-03
921.30	4.3473E-03
921.72	4.3727E-03
922.15	0.0000E00
922.58	2.4356E-02
923.01	1.0016E-02
923.43	0.0000E00
923.86	2.5890E-02
924.29	1.0166E-02
924.71	2.0427E-02
925.14	1.5936E-02
925.57	2.1775E-02
925.99	1.6120E-02
926.42	6.9294E-03
926.85	2.0848E-02
927.28	-1.1620E-03
927.70	1.7503E-02
928.13	1.8735E-02
928.56	8.2436E-03
928.98	3.5561E-03
929.41	3.5765E-03
929.84	1.0799E-02
930.26	1.3273E-02
930.69	7.3059E-03
931.12	-2.4537E-03
931.54	1.3621E-02
931.97	1.6230E-02
932.40	1.3850E-02
932.82	1.2712E-02
933.25	5.1327E-03
933.68	2.9854E-02
934.10	1.7085E-02
934.53	2.9305E-02
934.96	2.1614E-02
935.38	3.9726E-02
935.81	4.1622E-03
936.23	1.1250E-02
936.66	2.8507E-02
937.09	2.7551E-02
937.51	1.1763E-02
937.94	2.8360E-02
938.37	3.6334E-02
938.79	4.6194E-03
939.22	1.5629E-02
939.64	3.1782E-02
940.07	1.1284E-02
940.50	1.6327E-02
940.92	3.1269E-02
941.35	1.8203E-02
941.77	3.5010E-02
942.20	1.1740E-02
942.63	-1.8555E-02
943.05	2.0323E-02
943.48	5.1018E-03
943.90	1.7071E-03
944.33	2.9025E-02
944.76	8.5210E-03
945.18	1.0213E-02
945.61	-1.5312E-02
946.03	-3.4002E-03
946.46	2.7210E-02
946.88	2.0393E-02
947.31	2.3795E-02
947.74	1.1871E-02
948.16	3.0438E-02
948.59	8.4195E-03
949.01	1.3390E-02
949.44	2.8318E-02
949.86	2.6526E-02
950.29	8.2414E-03
950.71	3.2737E-03
951.14	5.6807E-02
951.57	1.9349E-02
951.99	1.1239E-02
952.42	3.5231E-02
952.84	2.3980E-02
953.27	4.7857E-03
953.69	1.9126E-02
954.12	2.5488E-02
954.54	1.9091E-02
954.97	1.2724E-02
955.39	2.5389E-02
955.82	6.3265E-03
956.24	7.8854E-03
956.67	9.4415E-03
957.09	1.8913E-02
957.52	3.1466E-03
957.94	-1.5730E-03
958.37	9.3940E-03
958.79	1.7214E-02
959.22	3.1270E-02
959.64	1.4077E-02
960.07	0.0000E00
960.49	5.4910E-02
960.92	2.0448E-02
961.34	2.8365E-02
961.77	2.2057E-02
962.19	1.1068E-02
962.62	2.8537E-02
963.04	2.7089E-02
963.47	3.1961E-02
963.89	1.7628E-02
964.31	5.2908E-02
964.74	0.0000E00
965.16	3.3673E-02
965.59	2.5718E-02
966.01	4.3445E-02
966.44	3.8489E-02
966.86	1.6010E-02
967.29	7.9997E-03
967.71	4.0064E-02
968.14	4.8065E-03
968.56	1.7666E-02
968.98	3.3845E-02
969.41	3.2349E-02
969.83	3.2484E-03
970.26	9.7793E-03
970.68	-1.1454E-02
971.10	-6.5633E-03
971.53	-3.2981E-03
971.95	1.1623E-02
972.38	-1.6722E-03
972.80	3.6940E-02
973.23	1.5176E-02
973.65	1.1866E-02
974.07	4.2629E-02
974.50	1.5385E-02
974.92	2.5680E-02
975.35	-1.8870E-02
975.77	2.2371E-02
976.19	1.0348E-02
976.62	-2.7685E-02
977.04	2.9572E-02
977.46	-1.2274E-02
977.89	1.7646E-02
978.31	2.8405E-02
978.74	2.1421E-02
979.16	4.1381E-02
979.58	1.4478E-02
980.01	1.4577E-02
980.43	2.1970E-02
980.85	2.3935E-02
981.28	2.9595E-02
981.70	2.6016E-02
982.12	9.3311E-03
982.55	1.5018E-02
982.97	7.5489E-03
983.40	1.3306E-02
983.82	5.7321E-03
984.24	1.5336E-02
984.67	1.1534E-02
985.09	2.5025E-02
985.51	1.1579E-02
985.94	9.6833E-03
986.36	1.3630E-02
986.78	-1.5689E-02
987.20	2.1705E-02
987.63	1.9847E-02
988.05	2.1958E-02
988.47	-1.4040E-02
988.90	-1.2102E-02
989.32	3.2465E-02
989.74	4.0831E-03
990.17	5.3336E-02
990.59	3.9127E-02
991.01	3.5103E-02
991.44	4.7563E-02
991.86	-2.6884E-02
992.28	3.5201E-02
992.70	6.2147E-03
993.13	1.8700E-02
993.55	2.7090E-02
993.97	3.9701E-02
994.40	3.9811E-02
994.82	2.0999E-02
995.24	8.4204E-03
995.66	2.3137E-02
996.09	4.2084E-02
996.51	2.9443E-02
996.93	4.2174E-02
997.35	2.1072E-02
997.78	8.4498E-03
998.20	2.1088E-03
998.62	1.4769E-02
999.04	1.0555E-02
999.47	4.8646E-02
999.89	4.6693E-02
1000.31	-2.1275E-03
1000.73	5.5537E-02
1001.16	2.1444E-02
1001.58	2.8021E-02
1002.00	1.3004E-02
1002.42	4.3588E-03
1002.85	6.5767E-03
1003.27	2.6480E-02
1003.69	4.2295E-02
1004.11	4.0399E-02
1004.53	6.5486E-02
1004.96	-6.8077E-03
1005.38	5.6868E-02
1005.80	-4.5731E-03
1006.22	1.1478E-02
1006.64	1.3866E-02
1007.07	9.2881E-03
1007.49	6.0726E-02
1007.91	2.5838E-02
1008.33	4.7216E-02
1008.75	-2.3736E-03
1009.18	2.1485E-02
1009.60	1.2027E-02
1010.02	5.8065E-02
1010.44	9.7321E-03
1010.86	9.7737E-03
1011.28	2.2102E-02
1011.71	-1.2333E-02
1012.13	1.7352E-02
1012.55	-1.2476E-02
1012.97	-1.0027E-02
1013.39	0.0000E00
1013.81	2.0236E-02
1014.24	3.8115E-02
1014.66	3.0557E-02
1015.08	4.5895E-02
1015.50	3.0783E-02
1015.92	1.5547E-02
1016.34	2.3582E-02
1016.76	3.4365E-02
1017.19	0.0000E00
1017.61	1.0770E-02
1018.03	3.5383E-02
1018.45	3.5714E-02
1018.87	2.2197E-02
1019.29	7.5574E-02
1019.71	2.8207E-02
1020.13	1.1358E-02
1020.56	3.4324E-02
1020.98	2.8905E-02
1021.40	3.7976E-02
1021.82	3.5275E-02
1022.24	2.6568E-02
1022.66	2.9615E-03
1023.08	4.4742E-02
1023.50	1.5061E-02
1023.92	-1.2134E-02
1024.34	2.7522E-02
1024.77	6.7719E-02
1025.19	6.2190E-02
1025.61	5.3175E-02
1026.03	2.8342E-02
1026.45	-2.2181E-02
1026.87	1.9158E-02
1027.29	5.7832E-02
1027.71	-6.4662E-03
1028.13	-6.4896E-03
1028.55	4.5769E-02
1028.97	4.5990E-02
1029.39	2.9968E-02
1029.81	2.0126E-02
1030.24	1.0187E-02
1030.66	5.1208E-02
1031.08	2.0660E-02
1031.50	3.4724E-02
1031.92	3.5097E-02
1032.34	6.3900E-02
1032.76	5.0121E-02
1033.18	3.9787E-02
1033.60	3.6601E-02
1034.02	-2.2294E-02
1034.44	1.3145E-01
1034.86	4.5521E-02
1035.28	6.9022E-02
1035.70	3.4865E-02
1036.12	6.6531E-02
1036.54	1.5802E-02
1036.96	4.0012E-02
1037.38	6.0541E-02
1037.80	6.9167E-02
1038.22	3.6931E-02
1038.64	1.0360E-01
1039.06	4.1837E-02
1039.48	7.5899E-02
1039.90	4.2558E-02
1040.32	-2.5725E-02
1040.74	9.0884E-02
1041.16	5.6596E-02
1041.58	4.3953E-02
1042.00	8.4040E-02
1042.42	5.8061E-02
1042.84	9.0067E-02
1043.26	-4.5521E-03
1043.68	2.7578E-02
1044.10	6.4945E-02
1044.52	-9.3784E-03
1044.94	7.1104E-02
1045.36	3.8341E-02
1045.78	2.4168E-02
1046.20	4.4060E-02
1046.62	1.1419E-01
1047.04	2.5164E-02
1047.46	1.5266E-02
1047.88	3.0980E-02
1048.29	7.3257E-02
1048.71	1.2222E-01
1049.13	4.8401E-02
1049.55	9.8527E-02
1049.97	4.4322E-02
1050.39	5.0456E-02
1050.81	2.8349E-02
1051.23	2.2993E-02
1051.65	8.1420E-02
1052.07	5.8677E-02
1052.49	8.2946E-02
1052.91	5.3762E-02
1053.33	7.8599E-02
1053.75	6.1094E-03
1054.16	1.8559E-02
1054.58	4.3695E-02
1055.00	6.2986E-02
1055.42	4.4580E-02
1055.84	9.0199E-02
1056.26	7.1742E-02
1056.68	1.3174E-02
1057.10	6.6647E-03
1057.52	1.0093E-01
1057.94	1.3601E-02
1058.35	8.2394E-02
1058.77	4.1735E-02
1059.19	8.4639E-02
1059.61	9.3026E-02
1060.03	8.7206E-02
1060.45	1.6213E-01
1060.87	8.2579E-02
1061.28	1.0704E-01
1061.70	1.2448E-01
1062.12	7.9142E-02
1062.54	5.6274E-02
1062.96	5.7330E-02
1063.38	5.8132E-02
1063.80	6.7396E-02
1064.21	9.3554E-02
1064.63	1.6385E-01
1065.05	9.6119E-02
1065.47	1.6003E-01
1065.89	3.6007E-02
1066.31	8.1769E-02
1066.73	9.1885E-02
1067.14	6.4814E-02
1067.56	1.4073E-01
1067.98	3.8030E-02
1068.40	0.0000E00
1068.82	3.9061E-02
1069.23	5.8953E-02
1069.65	7.9162E-02
1070.07	1.9117E-01
1070.49	8.1559E-02
1070.91	1.6571E-01
1071.32	7.3229E-02
1071.74	1.2767E-01
1072.16	1.0763E-01
1072.58	2.7291E-01
1073.00	1.5461E-01
1073.41	-8.9657E-02
1073.83	2.6189E-01
1074.25	2.3167E-01
1074.67	9.4135E-02
1075.09	1.1962E-01
1075.50	2.3038E-01
1075.92	-6.1414E-02
1076.34	1.1145E-01
1076.76	1.2510E-01
1077.17	1.3925E-01
1077.59	3.8628E-02
1078.01	9.1775E-02
1078.43	2.6560E-01
1078.85	2.2823E-01
1079.26	4.0524E-02
1079.68	8.1851E-02
1080.10	1.5172E-01
1080.52	-6.9771E-02
1080.93	2.8353E-02
1081.35	1.4329E-02
1081.77	2.4738E-01
1082.18	1.6141E-01
1082.60	1.4866E-01
1083.02	3.1672E-01
1083.44	2.4586E-01
1083.85	-1.2515E-01
1084.27	4.4536E-01
1084.69	4.5503E-01
1085.11	1.6605E-01
1085.52	2.0316E-01
1085.94	1.0249E-01
1086.36	2.7577E-01
1086.77	1.2168E-01
1087.19	3.3538E-01
1087.61	3.5928E-01
1088.03	1.8295E-01
1088.44	1.3112E-01
1088.86	3.8352E-01
1089.28	3.9212E-02
1089.69	2.5751E-01
1090.11	4.2050E-01
1090.53	-2.2393E-01
1090.94	2.7036E-01
1091.36	1.0594E-01
1091.78	1.5122E-01
1092.19	3.5457E-01
1092.61	2.9462E-01
1093.03	7.1706E-01
1093.44	9.4465E-02
1093.86	2.4290E-01
1094.28	2.0007E-01
1094.69	4.6100E-01
1095.11	1.0472E-01
1095.53	3.7364E-01
1095.94	3.2973E-01
1096.36	3.1001E-01
1096.78	4.0777E-01
1097.19	-8.9217E-02
1097.61	4.8953E-01
1098.03	7.2286E-01
1098.44	5.0700E-01
1098.86	4.8300E-01
1099.28	6.5339E-01
1099.69	-1.3550E-01
1100.11	0.0000E00
1100.52	0.0000E00
1100.94	0.0000E00
1101.36	0.0000E00
1101.77	0.0000E00
1102.19	0.0000E00
1102.61	0.0000E00
1103.02	0.0000E00
1103.44	0.0000E00
1103.85	0.0000E00
1104.27	0.0000E00
1104.69	0.0000E00
1105.10	0.0000E00
1105.52	0.0000E00
1105.93	0.0000E00
1106.35	0.0000E00
1106.76	0.0000E00
1107.18	0.0000E00
1107.60	0.0000E00
1108.01	0.0000E00
1108.43	0.0000E00
1108.84	-0.0000E00
1109.26	0.0000E00
1109.68	0.0000E00
1110.09	-0.0000E00
1110.51	0.0000E00
1110.92	0.0000E00
1111.34	0.0000E00
1111.75	0.0000E00
1112.17	0.0000E00
1112.58	0.0000E00
1113.00	0.0000E00
1113.42	-0.0000E00
1113.83	-0.0000E00
1114.25	0.0000E00
1114.66	0.0000E00
