198.80	0.0000E00
199.27	0.0000E00
199.74	0.0000E00
200.21	-0.0000E00
200.69	0.0000E00
201.16	0.0000E00
201.63	-0.0000E00
202.10	-0.0000E00
202.58	0.0000E00
203.05	0.0000E00
203.52	0.0000E00
203.99	-0.0000E00
204.46	0.0000E00
204.94	-0.0000E00
205.41	0.0000E00
205.88	0.0000E00
206.35	-0.0000E00
206.82	-0.0000E00
207.29	0.0000E00
207.77	0.0000E00
208.24	-0.0000E00
208.71	0.0000E00
209.18	0.0000E00
209.65	0.0000E00
210.12	8.2584E-02
210.60	1.0610E-01
211.07	-1.5467E-01
211.54	-2.3807E-01
212.01	-2.2942E-01
212.48	2.7819E-01
212.95	2.2504E-02
213.42	2.9007E-01
213.90	-9.3186E-02
214.37	1.9914E-02
214.84	-1.2715E-01
215.31	-9.4442E-03
215.78	-1.2903E-01
216.25	-4.4452E-02
216.72	8.6726E-03
217.19	3.3427E-02
217.67	-4.1139E-02
218.14	-4.7922E-02
218.61	7.8923E-02
219.08	1.6209E-01
219.55	7.5335E-02
220.02	-2.1988E-02
220.49	1.5731E-01
220.96	8.2446E-02
221.43	5.3796E-02
221.90	-1.1799E-01
222.37	8.2621E-02
222.85	-1.8490E-02
223.32	6.0507E-02
223.79	1.1101E-01
224.26	3.9769E-02
224.73	-4.9403E-02
225.20	7.9987E-02
225.67	-3.5781E-02
226.14	4.9130E-02
226.61	-9.4495E-03
227.08	1.1333E-01
227.55	-1.7460E-02
228.02	-1.2722E-02
228.49	2.4742E-02
228.96	0.0000E00
229.43	4.6515E-02
229.90	6.7165E-02
230.37	6.1725E-02
230.84	6.3202E-02
231.31	4.4473E-02
231.78	1.1328E-01
232.26	3.2571E-03
232.73	6.3173E-03
233.20	5.8425E-02
233.67	-1.4924E-02
234.14	1.0135E-01
234.61	2.5293E-02
235.08	1.3677E-02
235.55	1.5954E-02
236.02	-2.5981E-02
236.49	-2.5411E-02
236.96	-2.5041E-02
237.43	4.1676E-02
237.90	-7.1906E-03
238.36	1.6365E-02
238.83	-9.1070E-03
239.30	-2.6603E-02
239.77	3.2550E-02
240.24	3.4208E-02
240.71	1.2666E-02
241.18	-8.3797E-03
241.65	3.3043E-02
242.12	1.4244E-02
242.59	8.0290E-03
243.06	3.9401E-03
243.53	4.2642E-02
244.00	2.4945E-02
244.47	-2.2690E-02
244.94	1.8669E-03
245.41	-2.7751E-02
245.88	5.4723E-02
246.35	3.5853E-02
246.82	-3.0267E-02
247.29	-1.0551E-02
247.75	1.5631E-02
248.22	2.2335E-02
248.69	-1.0245E-02
249.16	4.0375E-02
249.63	8.3383E-03
250.10	1.1555E-02
250.57	0.0000E00
251.04	1.7671E-02
251.51	4.1561E-02
251.98	0.0000E00
252.45	1.2511E-02
252.91	-1.8590E-02
253.38	-2.3239E-02
253.85	1.0767E-02
254.32	9.0574E-02
254.79	0.0000E00
255.26	9.1058E-03
255.73	3.7515E-02
256.20	2.9745E-02
256.66	-5.9081E-03
257.13	-3.0862E-02
257.60	4.4000E-03
258.07	1.1675E-02
258.54	1.4547E-02
259.01	-1.0192E-02
259.48	-1.3011E-02
259.94	1.7274E-02
260.41	8.6013E-03
260.88	-1.1415E-02
261.35	-8.4719E-03
261.82	3.5229E-02
262.29	-7.0051E-03
262.75	-2.1014E-02
263.22	2.7932E-03
263.69	-8.3769E-03
264.16	5.0113E-02
264.63	0.0000E00
265.10	-2.7700E-03
265.56	3.7220E-02
266.03	-1.5123E-02
266.50	-1.3703E-02
266.97	-1.7771E-02
267.44	-1.3595E-02
267.90	1.3590E-03
268.37	-1.0825E-02
268.84	9.4468E-03
269.31	-1.0732E-02
269.77	-1.4765E-02
270.24	1.4650E-02
270.71	2.6520E-03
271.18	2.5075E-02
271.65	-1.3142E-03
272.11	-1.5616E-02
272.58	2.2068E-02
273.05	2.9636E-02
273.52	3.4559E-02
273.98	7.6164E-03
274.45	5.0517E-03
274.92	1.3738E-02
275.39	1.1127E-02
275.85	3.4186E-02
276.32	0.0000E00
276.79	2.7441E-02
277.26	2.3755E-03
277.72	-8.2223E-03
278.19	9.3222E-03
278.66	9.2397E-03
279.13	-3.4264E-03
279.59	2.3631E-02
280.06	-1.1221E-03
280.53	2.2270E-02
280.99	0.0000E00
281.46	-7.6336E-03
281.93	6.4603E-03
282.40	2.2266E-02
282.86	1.3634E-02
283.33	1.0375E-03
283.80	1.7490E-02
284.26	-8.2099E-03
284.73	4.0604E-03
285.20	2.5954E-02
285.66	-1.0851E-02
286.13	7.8374E-03
286.60	6.7490E-03
287.06	1.3342E-02
287.53	0.0000E00
288.00	2.8153E-02
288.46	9.2070E-04
288.93	8.1746E-03
289.40	-2.6967E-03
289.86	2.6655E-03
290.33	6.1543E-03
290.80	2.0164E-02
291.26	1.0432E-02
291.73	8.5947E-04
292.20	-6.8274E-03
292.66	-1.0973E-02
293.13	-1.2556E-02
293.60	6.6253E-03
294.06	5.7689E-03
294.53	-1.0589E-02
294.99	1.6164E-03
295.46	-5.5985E-03
295.93	3.1792E-03
296.39	7.9075E-04
296.86	7.8516E-03
297.33	1.2491E-02
297.79	-1.3978E-02
298.26	1.1602E-02
298.72	1.6903E-02
299.19	-7.6340E-03
299.66	9.1162E-03
300.12	4.5292E-03
300.59	-3.0007E-03
301.05	-1.6447E-02
301.52	5.2471E-03
301.98	2.9808E-03
302.45	1.4129E-02
302.92	1.1115E-02
303.38	2.2062E-03
303.85	-1.6029E-02
304.31	-1.1599E-02
304.78	-6.4756E-03
305.24	4.3010E-03
305.71	2.1416E-03
306.18	2.8488E-03
306.64	-1.4155E-03
307.11	1.4160E-03
307.57	1.6891E-02
308.04	7.0358E-04
308.50	-2.7941E-03
308.97	9.7418E-03
309.43	6.2249E-03
309.90	5.5346E-03
310.36	-1.5110E-02
310.83	6.1813E-03
311.29	7.6001E-03
311.76	2.0718E-02
312.23	-4.8256E-03
312.69	1.1001E-02
313.16	2.7513E-03
313.62	6.8374E-04
314.09	-6.7927E-04
314.55	1.1478E-02
315.02	8.1030E-03
315.48	-6.7046E-04
315.95	6.0083E-03
316.41	-6.6502E-03
316.88	6.6388E-04
317.34	3.9755E-03
317.81	-8.5662E-03
318.27	-6.5745E-04
318.73	-6.5778E-04
319.20	-2.6089E-03
319.66	8.4324E-03
320.13	-6.4651E-03
320.59	3.2208E-03
321.06	-9.6040E-03
321.52	6.4261E-03
321.99	-5.7494E-03
322.45	3.1950E-03
322.92	1.6588E-02
323.38	2.5437E-03
323.85	6.9566E-03
324.31	5.0451E-03
324.77	5.6705E-03
325.24	5.0321E-03
325.70	-5.6447E-03
326.17	5.0160E-03
326.63	8.7411E-03
327.10	8.7146E-03
327.56	1.2981E-02
328.02	4.9293E-03
328.49	7.9589E-03
328.95	4.9054E-03
329.42	1.3999E-02
329.88	1.6469E-02
330.34	-3.6460E-03
330.81	-5.4602E-03
331.27	3.0164E-03
331.74	1.5729E-02
332.20	-1.2040E-03
332.66	4.8092E-03
333.13	-5.9954E-04
333.59	4.1900E-03
334.06	4.7626E-03
334.52	4.7501E-03
334.98	-1.1839E-03
335.45	-1.7190E-02
335.91	1.4808E-02
336.37	-7.0864E-03
336.84	-1.1743E-03
337.30	2.9380E-03
337.76	1.4643E-02
338.23	9.3507E-03
338.69	4.6802E-03
339.16	1.1112E-02
339.62	7.0118E-03
340.08	1.1100E-02
340.55	1.1706E-03
341.01	1.1728E-02
341.47	6.4857E-03
341.94	9.4498E-03
342.40	-8.2730E-03
342.86	1.0655E-02
343.33	1.3037E-02
343.79	-4.7391E-03
344.25	1.8325E-02
344.71	-7.6638E-03
345.18	-1.3553E-02
345.64	-5.8596E-04
346.10	4.0741E-03
346.57	-1.1634E-03
347.03	-1.1677E-03
347.49	-2.3437E-03
347.96	7.6335E-03
348.42	2.3702E-03
348.88	1.1919E-02
349.34	1.3069E-02
349.81	5.9017E-03
350.27	2.2362E-02
350.73	6.3938E-03
351.20	1.2569E-02
351.66	2.2573E-03
352.12	3.8855E-03
352.58	-2.1806E-03
353.05	0.0000E00
353.51	-1.5431E-02
353.97	0.0000E00
354.43	1.2737E-02
354.90	4.4043E-03
355.36	-4.4135E-03
355.82	4.2727E-03
356.28	-2.3873E-03
356.75	1.0877E-02
357.21	1.7620E-03
357.67	-5.5500E-03
358.13	8.6949E-03
358.60	-6.1384E-03
359.06	9.9934E-03
359.52	-1.0265E-03
359.98	5.2111E-03
360.44	1.0115E-03
360.91	2.5515E-03
361.37	-7.1434E-03
361.83	-2.1360E-03
362.29	1.0682E-03
362.75	1.2076E-02
363.22	-4.9408E-03
363.68	-4.9764E-04
364.14	1.2674E-02
364.60	-4.3781E-03
365.06	1.9101E-02
365.53	6.7392E-03
365.99	-1.4794E-03
366.45	1.0121E-02
366.91	2.5366E-03
367.37	3.8419E-03
367.83	6.3068E-03
368.30	-1.6352E-03
368.76	9.8351E-03
369.22	6.7859E-03
369.68	8.6976E-03
370.14	-6.1496E-03
370.60	8.6047E-03
371.07	3.7821E-03
371.53	-5.2960E-03
371.99	5.7424E-03
372.45	3.5294E-03
372.91	4.9957E-03
373.37	1.9457E-03
373.83	-2.0208E-03
374.30	3.5288E-03
374.76	-2.0303E-03
375.22	1.2158E-02
375.68	-4.9028E-04
376.14	-1.4761E-03
376.60	-2.5013E-03
377.06	-4.8330E-03
377.52	-1.0784E-02
377.98	8.0607E-03
378.45	-6.2461E-03
378.91	1.3764E-02
379.37	9.6649E-04
379.83	2.3919E-03
380.29	3.4151E-03
380.75	2.8635E-03
381.21	2.8802E-03
381.67	-6.6163E-03
382.13	7.1451E-03
382.59	-8.2163E-03
383.05	6.7793E-03
383.51	-2.8876E-03
383.98	4.7174E-03
384.44	1.0325E-02
384.90	1.8508E-03
385.36	-1.8551E-03
385.82	3.6439E-03
386.28	-2.7837E-03
386.74	9.2338E-04
387.20	3.2588E-03
387.66	2.3377E-03
388.12	-5.2241E-03
388.58	3.7790E-03
389.04	-1.8597E-03
389.50	8.0752E-03
389.96	-1.8302E-03
390.42	3.6381E-03
390.88	8.4430E-03
391.34	-1.0092E-02
391.80	1.5260E-02
392.26	3.6246E-03
392.72	3.5970E-03
393.18	1.6326E-02
393.64	1.2252E-02
394.10	1.3099E-03
394.56	0.0000E00
395.02	-2.1785E-03
395.48	4.3438E-03
395.94	5.1736E-03
396.40	2.1330E-03
396.86	4.6751E-03
397.32	5.5800E-03
397.78	7.7704E-03
398.24	-4.2947E-04
398.70	1.1106E-02
399.16	5.5597E-03
399.62	7.6936E-03
400.08	-2.5796E-03
400.54	-2.0995E-03
401.00	-1.2473E-03
401.46	4.1123E-03
401.92	8.3104E-04
402.38	7.0822E-03
402.84	-8.2621E-04
403.30	8.2472E-03
403.76	1.6431E-03
404.22	7.7976E-03
404.68	-2.4535E-03
405.14	-1.0273E-02
405.59	-4.1148E-03
406.05	3.2749E-03
406.51	6.9194E-03
406.97	6.8208E-03
407.43	9.2230E-03
407.89	-2.3888E-03
408.35	6.4084E-03
408.81	-1.9801E-03
409.27	9.4783E-03
409.73	1.9497E-03
410.19	4.7129E-03
410.65	4.6822E-03
411.10	-7.8473E-04
411.56	-2.7210E-03
412.02	-3.5422E-03
412.48	2.3322E-03
412.94	7.3949E-03
413.40	3.0404E-03
413.86	1.1523E-03
414.32	7.5760E-03
414.78	4.1775E-03
415.23	-3.0271E-03
415.69	7.6162E-03
416.15	-1.1451E-03
416.61	-1.8868E-03
417.07	-4.8652E-03
417.53	2.9844E-03
417.99	-4.1087E-03
418.44	-2.9804E-03
418.90	-7.7399E-03
419.36	-5.1480E-03
419.82	4.0401E-03
420.28	1.1007E-03
420.74	2.1967E-03
421.19	-1.4564E-03
421.65	2.5600E-03
422.11	-5.4388E-03
422.57	7.2411E-03
423.03	6.4894E-03
423.49	-4.7024E-03
423.94	7.2292E-03
424.40	2.4919E-03
424.86	2.1983E-02
425.32	-2.1287E-03
425.78	-6.4245E-03
426.23	-3.5316E-04
426.69	-7.0206E-03
427.15	3.1553E-03
427.61	4.9073E-03
428.07	1.0849E-02
428.52	-2.0868E-03
428.98	-4.8709E-03
429.44	3.4519E-03
429.90	7.9352E-03
430.36	1.0351E-03
430.81	-6.8975E-04
431.27	7.5677E-03
431.73	3.7754E-03
432.19	6.5433E-03
432.64	-3.4414E-04
433.10	2.4021E-03
433.56	5.7976E-03
434.02	-1.0259E-03
434.47	5.4673E-03
434.93	4.4673E-03
435.39	7.1659E-03
435.85	5.4285E-03
436.30	6.3473E-03
436.76	9.9796E-04
437.22	-3.3302E-04
437.68	-6.6963E-04
438.13	0.0000E00
438.59	4.2979E-03
439.05	-6.5792E-04
439.51	6.2526E-03
439.96	3.9418E-03
440.42	9.8201E-04
440.88	7.8446E-03
441.33	6.5115E-03
441.79	1.0144E-02
442.25	8.4903E-03
442.70	7.5521E-03
443.16	-4.5739E-03
443.62	4.8694E-03
444.08	3.8743E-03
444.53	1.3814E-02
444.99	4.1793E-03
445.45	3.2055E-03
445.90	5.7627E-03
446.36	5.4388E-03
446.82	8.6366E-03
447.27	7.3230E-03
447.73	6.0618E-03
448.19	1.0130E-02
448.64	3.1731E-03
449.10	1.0734E-02
449.56	5.4176E-03
450.01	8.2068E-03
450.47	6.9112E-03
450.93	7.7796E-03
451.38	1.1835E-02
451.84	1.3048E-02
452.30	1.0841E-02
452.75	1.6433E-02
453.21	1.9523E-02
453.66	1.2710E-02
454.12	1.5105E-02
454.58	9.5528E-03
455.03	1.7533E-02
455.49	1.6945E-02
455.95	1.7192E-02
456.40	1.9238E-02
456.86	1.6443E-02
457.31	1.6780E-02
457.77	2.6836E-02
458.23	2.4092E-02
458.68	2.2142E-02
459.14	1.9962E-02
459.59	2.4775E-02
460.05	2.0851E-02
460.51	2.5715E-02
460.96	2.5607E-02
461.42	2.0138E-02
461.87	2.4059E-02
462.33	3.7035E-02
462.78	3.5305E-02
463.24	3.8341E-02
463.70	4.1382E-02
464.15	3.3452E-02
464.61	3.2931E-02
465.06	4.1879E-02
465.52	4.3271E-02
465.97	4.5298E-02
466.43	4.6376E-02
466.88	4.3229E-02
467.34	5.1083E-02
467.80	5.5425E-02
468.25	5.5299E-02
468.71	6.1719E-02
469.16	6.4123E-02
469.62	5.4429E-02
470.07	6.7474E-02
470.53	6.6636E-02
470.98	6.9438E-02
471.44	8.4287E-02
471.89	7.5237E-02
472.35	8.8259E-02
472.80	9.0994E-02
473.26	9.6509E-02
473.71	9.2699E-02
474.17	1.0202E-01
474.62	1.0555E-01
475.08	1.1142E-01
475.53	1.0766E-01
475.99	1.1911E-01
476.44	1.2440E-01
476.90	1.3044E-01
477.35	1.3766E-01
477.81	1.3763E-01
478.26	1.5371E-01
478.72	1.4571E-01
479.17	1.6353E-01
479.63	1.6186E-01
480.08	1.6366E-01
480.54	1.6959E-01
480.99	1.8996E-01
481.45	1.8844E-01
481.90	2.0688E-01
482.35	2.0773E-01
482.81	2.1594E-01
483.26	2.2320E-01
483.72	2.3582E-01
484.17	2.4759E-01
484.63	2.6157E-01
485.08	2.7187E-01
485.54	2.7325E-01
485.99	2.9779E-01
486.44	2.9508E-01
486.90	3.0220E-01
487.35	3.1823E-01
487.81	3.2965E-01
488.26	3.4277E-01
488.71	3.5608E-01
489.17	3.7539E-01
489.62	3.6981E-01
490.08	4.0906E-01
490.53	4.0408E-01
490.98	4.1744E-01
491.44	4.3118E-01
491.89	4.5588E-01
492.35	4.6688E-01
492.80	5.0194E-01
493.25	4.9228E-01
493.71	5.1985E-01
494.16	5.3294E-01
494.62	5.5511E-01
495.07	5.6757E-01
495.52	5.9400E-01
495.98	6.1652E-01
496.43	6.2462E-01
496.88	6.4736E-01
497.34	6.7262E-01
497.79	6.8721E-01
498.24	6.9370E-01
498.70	7.1237E-01
499.15	7.5699E-01
499.61	7.8018E-01
500.06	7.9297E-01
500.51	8.1312E-01
500.97	8.5886E-01
501.42	8.7608E-01
501.87	9.2182E-01
502.33	9.2973E-01
502.78	9.7151E-01
503.23	9.9088E-01
503.68	1.0134E00
504.14	1.0382E00
504.59	1.0864E00
505.04	1.0995E00
505.50	1.1505E00
505.95	1.1713E00
506.40	1.2091E00
506.86	1.2480E00
507.31	1.2735E00
507.76	1.2990E00
508.22	1.3378E00
508.67	1.3864E00
509.12	1.4117E00
509.57	1.4250E00
510.03	1.4941E00
510.48	1.5233E00
510.93	1.5660E00
511.38	1.6108E00
511.84	1.6510E00
512.29	1.6875E00
512.74	1.7274E00
513.20	1.7673E00
513.65	1.8147E00
514.10	1.8588E00
514.55	1.8951E00
515.01	1.9743E00
515.46	2.0066E00
515.91	2.0421E00
516.36	2.0827E00
516.82	2.1193E00
517.27	2.1578E00
517.72	2.2273E00
518.17	2.2875E00
518.62	2.3464E00
519.08	2.4043E00
519.53	2.4396E00
519.98	2.4711E00
520.43	2.5234E00
520.89	2.5661E00
521.34	2.6017E00
521.79	2.6713E00
522.24	2.6762E00
522.69	2.7270E00
523.15	2.7525E00
523.60	2.7691E00
524.05	2.8191E00
524.50	2.8598E00
524.95	2.8563E00
525.40	2.9087E00
525.86	2.9218E00
526.31	2.9588E00
526.76	2.9548E00
527.21	2.9705E00
527.66	2.9564E00
528.12	3.0245E00
528.57	3.0166E00
529.02	3.0339E00
529.47	3.0388E00
529.92	3.0468E00
530.37	3.0374E00
530.82	3.0165E00
531.28	3.0149E00
531.73	3.0412E00
532.18	3.0282E00
532.63	3.0163E00
533.08	2.9681E00
533.53	2.9949E00
533.98	2.9723E00
534.44	2.9562E00
534.89	2.9453E00
535.34	2.9318E00
535.79	2.8973E00
536.24	2.8515E00
536.69	2.8245E00
537.14	2.8243E00
537.59	2.7788E00
538.04	2.7487E00
538.50	2.7378E00
538.95	2.6671E00
539.40	2.6431E00
539.85	2.5800E00
540.30	2.5407E00
540.75	2.4955E00
541.20	2.4632E00
541.65	2.4101E00
542.10	2.3677E00
542.55	2.3238E00
543.00	2.2641E00
543.45	2.2411E00
543.91	2.1793E00
544.36	2.1399E00
544.81	2.0945E00
545.26	2.0652E00
545.71	2.0446E00
546.16	1.9745E00
546.61	1.9379E00
547.06	1.9109E00
547.51	1.8623E00
547.96	1.8156E00
548.41	1.7750E00
548.86	1.7850E00
549.31	1.7355E00
549.76	1.6766E00
550.21	1.6701E00
550.66	1.6186E00
551.11	1.5868E00
551.56	1.5411E00
552.01	1.5299E00
552.46	1.4673E00
552.91	1.4627E00
553.36	1.4054E00
553.81	1.3769E00
554.26	1.3610E00
554.71	1.3411E00
555.16	1.2823E00
555.61	1.2492E00
556.06	1.2388E00
556.51	1.2093E00
556.96	1.1615E00
557.41	1.1154E00
557.86	1.1184E00
558.31	1.0957E00
558.76	1.0861E00
559.21	1.0422E00
559.66	1.0077E00
560.11	9.9010E-01
560.56	9.5098E-01
561.01	9.4545E-01
561.46	9.1658E-01
561.91	8.7266E-01
562.36	8.6383E-01
562.81	8.4401E-01
563.26	8.3869E-01
563.71	7.9430E-01
564.16	7.7484E-01
564.61	7.5230E-01
565.06	7.3592E-01
565.51	7.2157E-01
565.95	7.0504E-01
566.40	6.6358E-01
566.85	6.5277E-01
567.30	6.2591E-01
567.75	6.1240E-01
568.20	5.9656E-01
568.65	5.6615E-01
569.10	5.6807E-01
569.55	5.5324E-01
570.00	5.4219E-01
570.45	5.1081E-01
570.89	5.0372E-01
571.34	4.7456E-01
571.79	4.7908E-01
572.24	4.6920E-01
572.69	4.5393E-01
573.14	4.4675E-01
573.59	4.2699E-01
574.04	4.1331E-01
574.49	4.0527E-01
574.93	4.0300E-01
575.38	3.8569E-01
575.83	3.7818E-01
576.28	3.6787E-01
576.73	3.4305E-01
577.18	3.5069E-01
577.63	3.2944E-01
578.07	3.2215E-01
578.52	3.2023E-01
578.97	2.9814E-01
579.42	3.0491E-01
579.87	3.0525E-01
580.32	2.7503E-01
580.77	2.7817E-01
581.21	2.7710E-01
581.66	2.6340E-01
582.11	2.5277E-01
582.56	2.5253E-01
583.01	2.4437E-01
583.46	2.3309E-01
583.90	2.2611E-01
584.35	2.1606E-01
584.80	2.1422E-01
585.25	2.0840E-01
585.70	2.0250E-01
586.14	1.9645E-01
586.59	1.9488E-01
587.04	1.9153E-01
587.49	1.8103E-01
587.94	1.8096E-01
588.38	1.7978E-01
588.83	1.7018E-01
589.28	1.5941E-01
589.73	1.6076E-01
590.18	1.5103E-01
590.62	1.5105E-01
591.07	1.3938E-01
591.52	1.3639E-01
591.97	1.3301E-01
592.41	1.3572E-01
592.86	1.2253E-01
593.31	1.3020E-01
593.76	1.2312E-01
594.20	1.1023E-01
594.65	1.1927E-01
595.10	1.0959E-01
595.55	1.0696E-01
595.99	1.0387E-01
596.44	9.8157E-02
596.89	1.0083E-01
597.34	9.3247E-02
597.78	8.8553E-02
598.23	8.5463E-02
598.68	8.7522E-02
599.13	8.8810E-02
599.57	7.9130E-02
600.02	8.1991E-02
600.47	7.7584E-02
600.91	8.2296E-02
601.36	8.2828E-02
601.81	7.1988E-02
602.26	7.5728E-02
602.70	6.5933E-02
603.15	6.0812E-02
603.60	6.6997E-02
604.04	6.0101E-02
604.49	6.9739E-02
604.94	6.0708E-02
605.38	5.9920E-02
605.83	5.3461E-02
606.28	5.3553E-02
606.72	4.5922E-02
607.17	5.1847E-02
607.62	4.7380E-02
608.06	4.8676E-02
608.51	4.3420E-02
608.96	4.6310E-02
609.40	5.2499E-02
609.85	4.6305E-02
610.30	4.5882E-02
610.74	4.4505E-02
611.19	4.2529E-02
611.64	4.6203E-02
612.08	4.2012E-02
612.53	3.2271E-02
612.98	4.1912E-02
613.42	3.7533E-02
613.87	3.4053E-02
614.31	3.6251E-02
614.76	3.3530E-02
615.21	2.7770E-02
615.65	3.3203E-02
616.10	3.1903E-02
616.55	2.8201E-02
616.99	3.2583E-02
617.44	2.9535E-02
617.88	2.2096E-02
618.33	3.1941E-02
618.78	2.7579E-02
619.22	1.8821E-02
619.67	3.2593E-02
620.11	2.4459E-02
620.56	2.1837E-02
621.01	2.4248E-02
621.45	2.2747E-02
621.90	1.7948E-02
622.34	1.9932E-02
622.79	2.4321E-02
623.23	2.7384E-02
623.68	2.1671E-02
624.13	1.7073E-02
624.57	2.0607E-02
625.02	1.9538E-02
625.46	1.6457E-02
625.91	1.8400E-02
626.35	1.7490E-02
626.80	1.4419E-02
627.24	1.7256E-02
627.69	1.6617E-02
628.14	1.6186E-02
628.58	1.0933E-02
629.03	1.2009E-02
629.47	1.8748E-02
629.92	1.1542E-02
630.36	1.6545E-02
630.81	1.5008E-02
631.25	9.7825E-03
631.70	1.2819E-02
632.14	9.1176E-03
632.59	1.2151E-02
633.03	1.1057E-02
633.48	1.5419E-02
633.92	6.5176E-03
634.37	7.5970E-03
634.81	8.4622E-03
635.26	1.0409E-02
635.70	5.2058E-03
636.15	9.1005E-03
636.59	1.3223E-02
637.04	1.0175E-02
637.48	1.1046E-02
637.93	1.2331E-02
638.37	6.0660E-03
638.82	8.4488E-03
639.26	7.8022E-03
639.71	9.9696E-03
640.15	8.2332E-03
640.60	1.2563E-02
641.04	8.0139E-03
641.49	8.8807E-03
641.93	2.5984E-03
642.37	2.5966E-03
642.82	7.3552E-03
643.26	3.2442E-03
643.71	8.0083E-03
644.15	5.1939E-03
644.60	1.2797E-02
645.04	8.6811E-03
645.49	6.7274E-03
645.93	8.0167E-03
646.37	7.1429E-03
646.82	8.0167E-03
647.26	6.2863E-03
647.71	5.2091E-03
648.15	7.1628E-03
648.60	3.9083E-03
649.04	4.3440E-04
649.48	1.9554E-03
649.93	8.2609E-03
650.37	2.8256E-03
650.82	1.0212E-02
651.26	7.8129E-03
651.70	-1.0855E-03
652.15	4.1274E-03
652.59	4.7815E-03
653.04	-2.1723E-03
653.48	8.9163E-03
653.92	1.9618E-03
654.37	1.3089E-03
654.81	4.7967E-03
655.25	7.1890E-03
655.70	5.2193E-03
656.14	6.9566E-03
656.59	2.3905E-03
657.03	5.8815E-03
657.47	4.3587E-03
657.92	4.7953E-03
658.36	5.2294E-03
658.80	1.5247E-03
659.25	9.1519E-03
659.69	9.1466E-03
660.13	2.8328E-03
660.58	6.9803E-03
661.02	3.7126E-03
661.46	6.5579E-04
661.91	6.5510E-04
662.35	5.0234E-03
662.79	4.8022E-03
663.24	-2.1831E-04
663.68	3.9306E-03
664.12	3.9324E-03
664.57	1.7475E-03
665.01	4.5851E-03
665.45	2.6245E-03
665.90	-4.1656E-03
666.34	2.1965E-04
666.78	2.1955E-04
667.22	-1.9762E-03
667.67	7.0192E-03
668.11	5.4815E-03
668.55	4.3857E-04
669.00	4.1686E-03
669.44	2.1943E-03
669.88	8.7814E-03
670.33	4.3934E-04
670.77	1.7606E-03
671.21	4.4017E-04
671.65	-2.2000E-04
672.10	3.9573E-03
672.54	1.3200E-03
672.98	2.6446E-03
673.42	4.6332E-03
673.87	-2.2104E-03
674.31	-1.5473E-03
674.75	5.0884E-03
675.19	7.5178E-03
675.64	-3.0972E-03
676.08	-3.3181E-03
676.52	-3.0946E-03
676.96	-3.0974E-03
677.41	-6.6393E-04
677.85	-1.7729E-03
678.29	2.6616E-03
678.73	3.1094E-03
679.18	-2.2238E-04
679.62	5.3432E-03
680.06	-6.2393E-03
680.50	1.3349E-03
680.94	1.3325E-03
681.39	5.9877E-03
681.83	8.8882E-04
682.27	-2.6716E-03
682.71	-2.0116E-03
683.15	6.7094E-04
683.60	3.5833E-03
684.04	-1.1182E-03
684.48	2.2353E-04
684.92	-1.7862E-03
685.36	3.5717E-03
685.81	0.0000E00
686.25	4.4735E-04
686.69	1.1200E-03
687.13	2.0192E-03
687.57	-1.3471E-03
688.01	-2.2435E-03
688.46	-4.4867E-04
688.90	1.1223E-03
689.34	-1.7984E-03
689.78	8.9963E-04
690.22	6.7473E-04
690.66	8.9945E-04
691.11	4.4995E-04
691.55	-4.9508E-03
691.99	-2.2507E-03
692.43	7.4242E-03
692.87	3.3777E-03
693.31	-2.2516E-03
693.75	2.2506E-04
694.20	4.0453E-03
694.64	-1.3484E-03
695.08	4.9568E-03
695.52	2.2579E-04
695.96	6.7892E-04
696.40	6.3346E-03
696.84	3.8493E-03
697.28	-2.2638E-04
697.73	6.8025E-04
698.17	4.5346E-03
698.61	0.0000E00
699.05	1.3596E-03
699.49	6.8010E-04
699.93	-4.5310E-04
700.37	-1.3630E-03
700.81	1.1372E-03
701.25	6.1525E-03
701.69	5.0157E-03
702.13	1.3674E-03
702.58	4.3270E-03
703.02	1.8208E-03
703.46	-2.9577E-03
703.90	-1.3668E-03
704.34	1.1392E-03
704.78	1.1421E-03
705.22	-1.8318E-03
705.66	-1.6067E-03
706.10	-9.1911E-04
706.54	-3.6689E-03
706.98	-6.8727E-04
707.42	5.2625E-03
707.86	-1.8345E-03
708.30	9.1886E-04
708.74	-6.6769E-03
709.18	9.2173E-04
709.62	-1.1536E-03
710.06	-1.8483E-03
710.51	-4.8658E-03
710.95	-2.7855E-03
711.39	2.3216E-04
711.83	1.1583E-03
712.27	-2.0812E-03
712.71	-1.1561E-03
713.15	2.3161E-03
713.59	-1.3906E-03
714.03	1.1611E-03
714.47	-5.8172E-03
714.91	1.8659E-03
715.35	-2.3378E-03
715.79	1.6396E-03
716.23	-4.6966E-03
716.67	4.7005E-04
717.11	3.7608E-03
717.55	-6.3414E-03
717.99	2.3479E-03
718.43	-3.0579E-03
718.87	1.1803E-03
719.31	4.5024E-03
719.75	-2.3791E-04
720.18	-2.3826E-03
720.62	-4.7802E-04
721.06	-5.5013E-03
721.50	-4.8038E-03
721.94	-2.4006E-04
722.38	-4.8061E-04
722.82	7.1969E-03
723.26	2.6401E-03
723.70	3.1167E-03
724.14	8.8798E-03
724.58	0.0000E00
725.02	5.7919E-03
725.46	2.4212E-04
725.90	3.8834E-03
726.34	-1.4589E-03
726.78	2.4310E-04
727.22	3.6431E-03
727.66	-2.9110E-03
728.09	0.0000E00
728.53	9.6838E-04
728.97	3.1444E-03
729.41	4.8411E-04
729.85	3.6446E-03
730.29	-9.7613E-04
730.73	4.6457E-03
731.17	-1.2247E-03
731.61	-9.8092E-04
732.05	-9.8294E-04
732.49	2.2126E-03
732.92	-9.8383E-04
733.36	1.7192E-03
733.80	3.4309E-03
734.24	2.4471E-04
734.68	9.7988E-04
735.12	-5.1632E-03
735.56	-9.8693E-04
736.00	-2.2316E-03
736.43	-2.9882E-03
736.87	-3.2457E-03
737.31	2.5001E-04
737.75	4.9929E-04
738.19	-2.4919E-03
738.63	-6.9643E-03
739.07	1.4924E-03
739.50	3.9862E-03
739.94	2.4936E-03
740.38	-2.7499E-03
740.82	-1.5037E-03
741.26	3.2699E-03
741.70	-2.0165E-03
742.14	0.0000E00
742.57	1.0088E-03
743.01	-1.5120E-03
743.45	-2.0173E-03
743.89	1.5105E-03
744.33	3.2710E-03
744.76	-1.7583E-03
745.20	-7.5416E-04
745.64	-2.5151E-03
746.08	-1.5126E-03
746.52	1.7705E-03
746.96	2.5410E-03
747.39	-3.5708E-03
747.83	1.0221E-03
748.27	-3.5761E-03
748.71	-2.2987E-03
749.15	-1.5307E-03
749.58	3.8238E-03
750.02	2.2902E-03
750.46	3.3115E-03
750.90	2.5512E-04
751.33	-8.6929E-03
751.77	-4.8678E-03
752.21	4.8808E-03
752.65	-1.2880E-03
753.09	1.2902E-03
753.52	1.5491E-03
753.96	1.5471E-03
754.40	2.8347E-03
754.84	-1.5449E-03
755.27	-5.1525E-04
755.71	-2.0587E-03
756.15	-5.9187E-03
756.59	-1.8005E-03
757.02	-2.5755E-03
757.46	0.0000E00
757.90	2.0628E-03
758.33	-3.0991E-03
758.77	0.0000E00
759.21	2.6003E-04
759.65	-1.3032E-03
760.08	-4.6923E-03
760.52	-6.2538E-03
760.96	-2.6040E-03
761.40	6.7610E-03
761.83	7.7968E-04
762.27	5.7129E-03
762.71	-2.5991E-03
763.14	2.0855E-03
763.58	0.0000E00
764.02	-7.8687E-04
764.45	3.9371E-03
764.89	1.3147E-03
765.33	7.8940E-04
765.77	-5.0118E-03
766.20	7.6513E-03
766.64	-2.1132E-03
767.08	1.0562E-03
767.51	0.0000E00
767.95	-2.6394E-04
768.39	-5.0149E-03
768.82	-9.5100E-03
769.26	2.6495E-04
769.70	2.6611E-04
770.13	3.2108E-03
770.57	-1.0737E-03
771.01	1.8833E-03
771.44	-2.6905E-03
771.88	2.1570E-03
772.32	1.8878E-03
772.75	5.3986E-04
773.19	4.0481E-03
773.62	1.0796E-03
774.06	-8.0882E-04
774.50	-5.3905E-04
774.93	-4.5849E-03
775.37	-2.7065E-04
775.81	1.6289E-03
776.24	-2.9979E-03
776.68	-8.1975E-04
777.11	-2.1939E-03
777.55	-2.4721E-03
777.99	-1.6515E-03
778.42	-2.7541E-04
778.86	-1.6566E-03
779.30	1.1062E-03
779.73	5.5407E-03
780.17	2.7710E-03
780.60	-1.1090E-03
781.04	2.7710E-04
781.47	-4.4339E-03
781.91	-6.3783E-03
782.35	1.1119E-03
782.78	-2.7884E-04
783.22	-3.3553E-03
783.65	-1.6867E-03
784.09	4.2273E-03
784.53	-8.2010E-03
784.96	-1.6992E-03
785.40	-6.8072E-03
785.83	9.0752E-03
786.27	2.8275E-03
786.70	2.2612E-03
787.14	-5.6535E-04
787.57	-2.8356E-04
788.01	5.6788E-03
788.45	-3.1292E-03
788.88	8.5391E-04
789.32	-2.2834E-03
789.75	5.1530E-03
790.19	2.8786E-04
790.62	-1.1561E-03
791.06	5.8074E-03
791.49	3.7797E-03
791.93	6.4036E-03
792.36	2.9072E-04
792.80	2.0351E-03
793.23	-4.9425E-03
793.67	1.1624E-03
794.10	0.0000E00
794.54	-8.7038E-04
794.97	-5.8097E-04
795.41	-2.6232E-03
795.84	-2.0464E-03
796.28	-3.5237E-03
796.71	7.9516E-03
797.15	-4.4321E-03
797.58	-1.0962E-02
798.02	-1.1890E-03
798.45	-5.9649E-03
798.89	0.0000E00
799.32	5.9725E-04
799.76	1.1939E-03
800.19	-1.4928E-03
800.63	2.9866E-03
801.06	-1.7923E-03
801.50	4.1824E-03
801.93	-1.4942E-03
802.37	5.0855E-03
802.80	0.0000E00
803.24	3.6153E-03
803.67	-2.7196E-03
804.10	-5.4494E-03
804.54	2.1278E-03
804.97	6.1071E-04
805.41	-3.9816E-03
805.84	-2.1508E-03
806.28	1.8464E-03
806.71	-4.6294E-03
807.15	3.7087E-03
807.58	1.2362E-03
808.01	-7.4181E-03
808.45	-2.7784E-03
808.88	2.4721E-03
809.32	-1.2380E-03
809.75	-5.5787E-03
810.18	-1.8640E-03
810.62	-2.1799E-03
811.05	2.1867E-03
811.49	7.5194E-03
811.92	-6.9175E-03
812.36	-3.1556E-04
812.79	-3.4841E-03
813.22	9.5123E-04
813.66	6.0275E-03
814.09	-6.0267E-03
814.52	2.8544E-03
814.96	1.5874E-03
815.39	2.5445E-03
815.83	-1.2755E-03
816.26	6.7047E-03
816.69	-6.7136E-03
817.13	-4.1639E-03
817.56	9.6343E-04
817.99	-5.7950E-03
818.43	-6.4577E-04
818.86	-6.1482E-03
819.30	8.7597E-03
819.73	-4.8722E-03
820.16	-4.2384E-03
820.60	-9.8100E-04
821.03	4.9249E-03
821.46	-9.8669E-04
821.90	-6.5916E-04
822.33	-6.5856E-04
822.76	-6.5896E-04
823.20	-6.2571E-03
823.63	9.5588E-03
824.06	-9.2418E-03
824.50	-2.6440E-03
824.93	8.2863E-03
825.36	-6.6359E-04
825.80	-1.9957E-03
826.23	-1.3324E-03
826.66	6.6737E-03
827.09	6.3596E-03
827.53	-5.7068E-03
827.96	3.3719E-03
828.39	3.3825E-04
828.83	-1.3563E-03
829.26	-5.4249E-03
829.69	1.0169E-03
830.13	2.0370E-03
830.56	-4.7572E-03
830.99	-4.7608E-03
831.42	4.7580E-03
831.86	-6.1230E-03
832.29	-6.4698E-03
832.72	-1.0224E-03
833.16	-5.1146E-03
833.59	-5.7969E-03
834.02	-3.7540E-03
834.45	-9.2384E-03
834.89	2.0593E-03
835.32	-4.1324E-03
835.75	-6.2157E-03
836.18	-3.8096E-03
836.62	-1.7342E-03
837.05	7.6485E-03
837.48	-2.0894E-03
837.91	1.0468E-03
838.35	2.4444E-03
838.78	1.7475E-03
839.21	-3.8507E-03
839.64	-2.7965E-03
840.07	-1.3971E-03
840.51	-6.9700E-03
840.94	-3.4929E-04
841.37	-5.5885E-03
841.80	-3.4944E-04
842.24	-3.8436E-03
842.67	2.1026E-03
843.10	0.0000E00
843.53	5.6691E-03
843.96	-5.3373E-03
844.40	0.0000E00
844.83	-4.6367E-03
845.26	-1.7837E-03
845.69	-8.9129E-03
846.12	-9.6246E-03
846.56	-6.0500E-03
846.99	-5.6994E-03
847.42	4.2711E-03
847.85	1.7830E-03
848.28	3.5665E-04
848.71	2.1430E-03
849.15	1.0704E-03
849.58	-2.4957E-03
850.01	-5.7080E-03
850.44	-2.8590E-03
850.87	6.0960E-03
851.30	-2.8819E-03
851.74	-4.7116E-03
852.17	-5.8324E-03
852.60	3.2901E-03
853.03	4.0327E-03
853.46	-9.5406E-03
853.89	-1.6517E-02
854.32	6.9554E-03
854.76	1.4622E-03
855.19	9.8570E-03
855.62	-2.9222E-03
856.05	1.8253E-03
856.48	1.8261E-03
856.91	-1.8268E-03
857.34	8.0287E-03
857.77	2.9194E-03
858.21	-3.2827E-03
858.64	1.8269E-03
859.07	-6.9511E-03
859.50	-6.2435E-03
859.93	1.4748E-03
860.36	-7.4026E-04
860.79	6.6888E-03
861.22	-8.2087E-03
861.65	7.4755E-04
862.09	3.7407E-04
862.52	7.4798E-04
862.95	-7.4879E-03
863.38	-2.2478E-03
863.81	-1.3489E-02
864.24	5.9935E-03
864.67	-1.4970E-03
865.10	-9.7353E-03
865.53	-4.5013E-03
865.96	-4.8803E-03
866.39	-6.0121E-03
866.82	-1.4295E-02
867.25	-1.2423E-02
867.68	6.0328E-03
868.12	1.1323E-03
868.55	-4.1664E-03
868.98	7.6112E-04
869.41	-5.7389E-03
869.84	-6.1519E-03
870.27	-1.9317E-03
870.70	-5.8217E-03
871.13	-1.5565E-03
871.56	-7.7906E-03
871.99	6.6277E-03
872.42	-1.0536E-02
872.85	-3.9072E-03
873.28	4.6926E-03
873.71	-7.8289E-04
874.14	-3.9169E-03
874.57	-1.5686E-03
875.00	-9.8280E-03
875.43	-7.0830E-03
875.86	-9.4470E-03
876.29	-8.6640E-03
876.72	-3.9429E-04
877.15	3.9477E-03
877.58	-7.9002E-04
878.01	-6.3323E-03
878.44	-9.5227E-03
878.87	-7.9627E-03
879.30	1.9977E-03
879.73	-6.4166E-03
880.16	-1.2072E-02
880.59	-4.4400E-03
881.02	-1.2158E-03
881.45	8.1144E-04
881.88	-1.0956E-02
882.31	-4.0552E-04
882.74	-1.3796E-02
883.17	-1.0545E-02
883.60	-8.0941E-03
884.03	-4.0424E-04
884.46	2.8305E-03
884.89	-1.2129E-03
885.32	-4.4427E-03
885.74	5.2489E-03
886.17	-7.6915E-03
886.60	-4.0591E-04
887.03	-5.7025E-03
887.46	-1.6319E-03
887.89	-6.5403E-03
888.32	-5.3143E-03
888.75	6.1272E-03
889.18	-2.0438E-03
889.61	-7.3727E-03
890.04	-7.4082E-03
890.47	2.0633E-03
890.90	-2.9023E-03
891.33	-6.6480E-03
891.75	4.1709E-04
892.18	-5.0115E-03
892.61	8.3664E-04
893.04	3.3508E-03
893.47	-9.2203E-03
893.90	0.0000E00
894.33	-2.5205E-03
894.76	1.2627E-03
895.19	-8.4308E-04
895.61	2.1108E-03
896.04	-5.4929E-03
896.47	1.2689E-02
896.90	-5.9174E-03
897.33	-8.4504E-03
897.76	-6.3525E-03
898.19	-6.3686E-03
898.62	-1.7025E-03
899.04	-3.8307E-03
899.47	-8.5155E-03
899.90	1.7047E-03
900.33	-1.0251E-02
900.76	1.2876E-03
901.19	-2.5842E-03
901.62	-4.3254E-03
902.04	-9.1069E-03
902.47	3.4919E-03
902.90	-5.7021E-03
903.33	-1.3652E-02
903.76	-2.6458E-03
904.19	-8.8196E-04
904.61	-1.3210E-03
905.04	0.0000E00
905.47	0.0000E00
905.90	-7.4650E-03
906.33	1.3221E-03
906.76	-3.9794E-03
907.18	-2.2193E-03
907.61	0.0000E00
908.04	-7.1511E-03
908.47	4.4752E-03
908.90	2.2386E-03
909.32	0.0000E00
909.75	-1.2558E-02
910.18	8.9853E-04
910.61	-4.5127E-04
911.04	-4.5368E-04
911.46	4.5606E-03
911.89	-6.4130E-03
912.32	-2.7564E-03
912.75	1.3844E-03
913.17	-1.8512E-03
913.60	2.3203E-03
914.03	2.3214E-03
914.46	-3.7152E-03
914.89	-3.7167E-03
915.31	-6.0545E-03
915.74	9.3342E-04
916.17	-5.1574E-03
916.60	-5.1677E-03
917.02	-1.1796E-02
917.45	-1.3246E-02
917.88	-9.0284E-03
918.31	-1.4294E-03
918.73	-3.3452E-03
919.16	-5.2660E-03
919.59	-1.4392E-03
920.02	9.6069E-04
920.44	-2.4066E-03
920.87	-7.2365E-03
921.30	-4.3591E-03
921.72	4.8718E-04
922.15	-6.8598E-03
922.58	1.9735E-03
923.01	-1.4879E-03
923.43	5.9851E-03
923.86	2.0066E-03
924.29	1.5102E-03
924.71	-1.5172E-03
925.14	4.0583E-03
925.57	2.0429E-03
925.99	-1.0776E-02
926.42	-6.1762E-03
926.85	-5.1616E-03
927.28	2.5892E-03
927.70	-1.3520E-02
928.13	-4.1747E-03
928.56	1.5745E-03
928.98	-6.3392E-03
929.41	-1.0626E-03
929.84	-1.0160E-02
930.26	-4.3019E-03
930.69	0.0000E00
931.12	1.0935E-03
931.54	-5.5186E-04
931.97	-3.8948E-03
932.40	-3.3667E-03
932.82	-7.3647E-03
933.25	7.4341E-03
933.68	-1.0991E-02
934.10	5.2711E-03
934.53	1.7809E-03
934.96	-5.4182E-03
935.38	1.2210E-03
935.81	1.2366E-03
936.23	-1.1908E-02
936.66	6.3522E-04
937.09	7.1083E-03
937.51	4.5868E-03
937.94	-2.6608E-03
938.37	-1.4168E-02
938.79	-8.2347E-03
939.22	-6.9651E-03
939.64	0.0000E00
940.07	-1.4367E-03
940.50	-1.2369E-02
940.92	0.0000E00
941.35	-1.0325E-02
941.77	-7.4297E-04
942.20	-2.2422E-02
942.63	2.2552E-03
943.05	1.1321E-02
943.48	-3.7894E-03
943.90	-2.2063E-02
944.33	-2.2066E-02
944.76	-1.0633E-02
945.18	-1.7448E-02
945.61	-1.6681E-02
946.03	6.0613E-03
946.46	-2.5768E-02
946.88	-3.0293E-03
947.31	-1.5906E-02
947.74	-1.1336E-02
948.16	6.0288E-03
948.59	-6.7539E-03
949.01	-9.6971E-03
949.44	-5.1965E-03
949.86	-5.9107E-03
950.29	-7.3457E-03
950.71	-1.4589E-02
951.14	7.9566E-03
951.57	6.4674E-03
951.99	-5.7244E-03
952.42	-1.9983E-02
952.84	-1.0687E-02
953.27	-1.4219E-03
953.69	-1.8468E-02
954.12	-9.9389E-03
954.54	-2.8359E-03
954.97	-1.9137E-02
955.39	7.0718E-04
955.82	0.0000E00
956.24	6.3255E-03
956.67	-1.0519E-02
957.09	0.0000E00
957.52	7.0116E-04
957.94	-2.8040E-03
958.37	-1.3955E-02
958.79	-1.2553E-02
959.22	3.2052E-02
959.64	-1.3941E-02
960.07	6.9778E-03
960.49	6.9917E-03
960.92	-1.4020E-02
961.34	-8.4273E-03
961.77	-1.7553E-02
962.19	0.0000E00
962.62	2.1196E-03
963.04	-1.4203E-02
963.47	8.5462E-03
963.89	-2.1426E-03
964.31	9.2885E-03
964.74	-1.7131E-02
965.16	-7.1460E-03
965.59	-5.7306E-03
966.01	1.4342E-03
966.44	-1.3579E-02
966.86	-4.9945E-03
967.29	1.9251E-02
967.71	-2.1426E-02
968.14	-1.0710E-02
968.56	-7.1570E-03
968.98	-2.1547E-02
969.41	-6.4874E-03
969.83	-1.0134E-02
970.26	-1.0895E-02
970.68	3.6462E-03
971.10	5.8499E-03
971.53	4.4094E-03
971.95	-1.1840E-02
972.38	-5.2167E-03
972.80	6.7347E-03
973.23	-1.2023E-02
973.65	9.8208E-03
974.07	-1.0639E-02
974.50	3.8090E-03
974.92	-2.3652E-02
975.35	-2.1406E-02
975.77	-2.5308E-02
976.19	4.6118E-03
976.62	-7.7113E-04
977.04	-5.4265E-03
977.46	-1.1721E-02
977.89	-1.1009E-02
978.31	2.2944E-02
978.74	-5.5687E-03
979.16	-4.8109E-03
979.58	1.0485E-02
980.01	1.6240E-03
980.43	0.0000E00
980.85	-9.8462E-03
981.28	-1.9784E-02
981.70	-9.1096E-03
982.12	-1.7465E-02
982.55	-1.1713E-02
982.97	-4.2052E-03
983.40	3.3886E-03
983.82	-3.8318E-02
984.24	1.6233E-02
984.67	-1.1994E-02
985.09	2.5736E-03
985.51	1.8060E-02
985.94	-3.4523E-03
986.36	-1.3016E-02
986.78	-2.0976E-02
987.20	-1.7587E-03
987.63	6.1913E-03
988.05	-1.7792E-03
988.47	-1.0726E-02
988.90	2.6966E-03
989.32	-2.7128E-03
989.74	9.0982E-03
990.17	-9.1421E-03
990.59	-9.1774E-04
991.01	7.3618E-03
991.44	-5.5296E-03
991.86	-1.1981E-02
992.28	-1.7533E-02
992.70	3.6928E-03
993.13	-7.4077E-03
993.55	6.5007E-03
993.97	6.5184E-03
994.40	-2.5212E-02
994.82	-3.7433E-03
995.24	-6.5670E-03
995.66	-1.0311E-02
996.09	-8.4398E-03
996.51	-2.1557E-02
996.93	-2.5373E-02
997.35	-1.8781E-03
997.78	-2.0711E-02
998.20	-3.7592E-03
998.62	-1.7865E-02
999.04	-9.4081E-03
999.47	8.4831E-03
999.89	-5.6751E-03
1000.31	9.4815E-04
1000.73	1.2375E-02
1001.16	5.7339E-03
1001.58	-1.0567E-02
1002.00	-4.8295E-03
1002.42	1.9425E-03
1002.85	-7.8158E-03
1003.27	1.7701E-02
1003.69	-2.0833E-02
1004.11	1.0002E-02
1004.53	1.2076E-02
1004.96	-1.1124E-02
1005.38	-1.7234E-02
1005.80	-1.0190E-03
1006.22	-7.1613E-03
1006.64	-1.9568E-02
1007.07	6.2089E-03
1007.49	-2.3940E-02
1007.91	1.2561E-02
1008.33	-3.1563E-03
1008.75	4.2313E-03
1009.18	-3.1916E-02
1009.60	-1.5008E-02
1010.02	1.2938E-02
1010.44	-1.0843E-03
1010.86	1.0889E-02
1011.28	-1.2038E-02
1011.71	-2.9681E-02
1012.13	3.3142E-03
1012.55	-1.4456E-02
1012.97	7.8202E-03
1013.39	-2.0197E-02
1013.81	-1.3527E-02
1014.24	4.5296E-03
1014.66	-2.2697E-03
1015.08	7.9540E-03
1015.50	-1.9434E-02
1015.92	-6.9287E-03
1016.34	-1.4012E-02
1016.76	-1.5315E-02
1017.19	2.3785E-03
1017.61	-1.1999E-03
1018.03	8.4909E-03
1018.45	-1.9589E-02
1018.87	-2.3494E-02
1019.29	-2.2453E-02
1019.71	-1.1314E-02
1020.13	-1.7715E-02
1020.56	5.0988E-03
1020.98	-1.0305E-02
1021.40	-3.5151E-02
1021.82	-1.9651E-02
1022.24	7.8934E-03
1022.66	-3.8274E-02
1023.08	1.1964E-02
1023.50	6.7120E-03
1023.92	4.0557E-03
1024.34	1.3628E-03
1024.77	-2.3320E-02
1025.19	-6.9288E-03
1025.61	-4.1819E-03
1026.03	-1.1227E-02
1026.45	3.1068E-02
1026.87	-7.1150E-03
1027.29	-1.1455E-02
1027.71	-4.3225E-03
1028.13	-1.5907E-02
1028.55	-8.7416E-03
1028.97	-7.3199E-03
1029.39	7.4196E-03
1029.81	-1.9433E-02
1030.24	-2.7238E-02
1030.66	1.3693E-02
1031.08	-2.6087E-02
1031.50	-1.8570E-02
1031.92	-5.4743E-02
1032.34	2.6895E-02
1032.76	-9.5728E-03
1033.18	-2.4179E-02
1033.60	-1.6312E-03
1034.02	-4.4710E-02
1034.44	-6.6949E-03
1034.86	3.3811E-03
1035.28	-2.3925E-02
1035.70	-1.3811E-02
1036.12	-5.2324E-03
1036.54	1.4085E-02
1036.96	-7.1326E-03
1037.38	7.1947E-03
1037.80	-1.6319E-02
1038.22	-1.6458E-02
1038.64	-2.5855E-02
1039.06	-1.8645E-02
1039.48	1.8791E-03
1039.90	-1.8966E-03
1040.32	-9.5537E-03
1040.74	-2.5073E-02
1041.16	-5.8205E-03
1041.58	1.1753E-02
1042.00	-5.1251E-02
1042.42	-2.3885E-02
1042.84	-2.6090E-02
1043.26	-1.0143E-02
1043.68	-3.2774E-02
1044.10	-4.7549E-02
1044.52	-3.9705E-02
1044.94	-1.6900E-02
1045.36	0.0000E00
1045.78	2.8004E-02
1046.20	2.6181E-02
1046.62	-6.6374E-02
1047.04	0.0000E00
1047.46	-7.2568E-02
1047.88	-3.6817E-02
1048.29	1.8656E-02
1048.71	-3.3155E-02
1049.13	-2.6364E-02
1049.55	-9.7575E-03
1049.97	-3.9505E-02
1050.39	-1.2492E-02
1050.81	-1.5161E-02
1051.23	-5.1234E-02
1051.65	-3.1101E-02
1052.07	-1.3075E-02
1052.49	-3.9606E-02
1052.91	0.0000E00
1053.33	2.1556E-02
1053.75	1.9059E-02
1054.16	-4.1355E-02
1054.58	3.6164E-02
1055.00	3.0877E-02
1055.42	1.1353E-02
1055.84	5.7425E-03
1056.26	-2.0346E-02
1056.68	-5.8712E-03
1057.10	-3.2672E-02
1057.52	-4.7978E-02
1057.94	3.9398E-02
1058.35	-6.7318E-02
1058.77	3.0999E-03
1059.19	3.7720E-02
1059.61	-8.9293E-02
1060.03	6.4773E-03
1060.45	6.5685E-02
1060.87	-9.3677E-02
1061.28	1.0222E-02
1061.70	-7.2809E-02
1062.12	-3.5270E-03
1062.54	3.2244E-02
1062.96	-1.2045E-01
1063.38	-1.3694E-01
1063.80	-5.2562E-02
1064.21	-1.5161E-02
1064.63	-9.9920E-02
1065.05	-2.7259E-02
1065.47	-2.7734E-02
1065.89	-1.6047E-02
1066.31	0.0000E00
1066.73	2.4569E-02
1067.14	4.9517E-02
1067.56	-5.8535E-02
1067.98	-1.6948E-02
1068.40	1.7241E-02
1068.82	-2.6112E-02
1069.23	-4.8166E-02
1069.65	-1.6757E-01
1070.07	-8.9680E-02
1070.49	-9.0868E-02
1070.91	-2.3078E-02
1071.32	4.1959E-02
1071.74	3.3189E-02
1072.16	1.4390E-02
1072.58	1.4595E-02
1073.00	-1.2796E-01
1073.41	-3.9956E-02
1073.83	-4.5670E-02
1074.25	-1.4454E-01
1074.67	-7.8659E-02
1075.09	-3.1984E-02
1075.50	1.6211E-02
1075.92	4.9265E-02
1076.34	-1.3245E-01
1076.76	-5.5751E-03
1077.17	5.6416E-03
1077.59	6.3120E-02
1078.01	-5.2586E-02
1078.43	0.0000E00
1078.85	-4.1882E-02
1079.26	-1.3244E-01
1079.68	2.4318E-02
1080.10	-1.8440E-02
1080.52	-1.1816E-01
1080.93	-1.2635E-02
1081.35	1.5326E-01
1081.77	1.2970E-02
1082.18	-3.9237E-02
1082.60	-7.2877E-02
1083.02	-7.3934E-02
1083.44	1.0957E-01
1083.85	6.2746E-02
1084.27	-1.2759E-01
1084.69	-1.4485E-02
1085.11	7.4003E-03
1085.52	-1.5090E-02
1085.94	-3.8063E-02
1086.36	-3.0725E-02
1086.77	-1.0846E-01
1087.19	-1.5733E-01
1087.61	-8.0057E-03
1088.03	-1.4675E-01
1088.44	-8.3475E-02
1088.86	1.3673E-01
1089.28	-3.4950E-02
1089.69	-7.9448E-02
1090.11	-1.5170E-01
1090.53	1.9052E-01
1090.94	2.7805E-02
1091.36	5.6657E-02
1091.78	-1.9255E-02
1092.19	-1.2839E-01
1092.61	6.0600E-02
1093.03	2.0617E-01
1093.44	-7.3672E-02
1093.86	1.1908E-01
1094.28	-8.9164E-02
1094.69	-1.4838E-01
1095.11	-1.1668E-01
1095.53	1.1894E-02
1095.94	-4.2859E-01
1096.36	1.2560E-02
1096.78	-2.9855E-01
1097.19	-5.5664E-01
1097.61	-4.0905E-02
1098.03	1.2606E-01
1098.44	-4.2365E-02
1098.86	-1.4350E-02
1099.28	-1.4559E-02
1099.69	1.5096E-01
1100.11	-0.0000E00
1100.52	-0.0000E00
1100.94	-0.0000E00
1101.36	-0.0000E00
1101.77	-0.0000E00
1102.19	0.0000E00
1102.61	-0.0000E00
1103.02	-0.0000E00
1103.44	0.0000E00
1103.85	-0.0000E00
1104.27	0.0000E00
1104.69	-0.0000E00
1105.10	-0.0000E00
1105.52	0.0000E00
1105.93	-0.0000E00
1106.35	-0.0000E00
1106.76	-0.0000E00
1107.18	-0.0000E00
1107.60	0.0000E00
1108.01	-0.0000E00
1108.43	0.0000E00
1108.84	-0.0000E00
1109.26	-0.0000E00
1109.68	-0.0000E00
1110.09	-0.0000E00
1110.51	-0.0000E00
1110.92	-0.0000E00
1111.34	-0.0000E00
1111.75	-0.0000E00
1112.17	-0.0000E00
1112.58	-0.0000E00
1113.00	-0.0000E00
1113.42	-0.0000E00
1113.83	0.0000E00
1114.25	-0.0000E00
1114.66	-0.0000E00
